9 1
10 1
32 1
33 2
34 3
37 4
38 5
39 6
40 7
41 8
42 9
43 10
44 11
45 12
46 13
47 14
48 15
49 16
50 17
51 17
52 17
53 17
54 17
55 17
56 17
57 17
58 18
59 19
60 20
61 21
62 22
65 23
66 24
67 25
68 26
69 27
70 28
71 29
72 30
73 31
74 29
75 29
76 29
77 32
78 29
79 33
80 34
81 29
82 35
83 36
84 37
85 29
86 38
87 39
88 29
89 29
90 29
91 40
93 41
94 42
95 43
97 44
98 45
99 46
100 47
101 48
102 49
103 29
104 50
105 51
106 29
107 29
108 29
109 52
110 53
111 54
112 55
113 29
114 56
115 57
116 58
117 29
118 59
119 60
120 29
121 29
122 29
123 61
124 62
125 63
126 64
61 65
9 66
10 66
13 66
32 3
33 66
34 67
35 66
36 66
37 66
38 66
39 66
40 66
41 66
42 66
43 66
44 66
45 66
46 66
47 66
48 66
49 66
50 66
51 66
52 66
53 66
54 66
55 66
56 66
57 66
58 66
59 66
60 66
61 66
62 66
63 66
64 66
65 66
66 66
67 66
68 66
69 66
70 66
71 66
72 66
73 66
74 66
75 66
76 66
77 66
78 66
79 66
80 66
81 66
82 66
83 66
84 66
85 66
86 66
87 66
88 66
89 66
90 66
91 66
92 66
93 66
94 66
95 66
96 66
97 66
98 66
99 66
100 66
101 66
102 66
103 66
104 66
105 66
106 66
107 66
108 66
109 66
110 66
111 66
112 66
113 66
114 66
115 66
116 66
117 66
118 66
119 66
120 66
121 66
122 66
123 66
124 66
125 66
126 66
161 66
162 66
163 66
164 66
165 66
166 66
167 66
168 66
169 66
170 66
171 66
172 66
173 66
174 66
175 66
176 66
177 66
178 66
179 66
180 66
181 66
182 66
183 66
184 66
185 66
186 66
187 66
188 66
189 66
190 66
191 66
192 66
193 66
194 66
195 66
196 66
197 66
198 66
199 66
200 66
201 66
202 66
203 66
204 66
205 66
206 66
207 66
208 66
209 66
210 66
211 66
212 66
213 66
214 66
215 66
216 66
217 66
218 66
219 66
220 66
221 66
222 66
223 66
224 66
225 66
226 66
227 66
228 66
229 66
230 66
231 66
232 66
233 66
234 66
235 66
236 66
237 66
238 66
239 66
240 66
241 66
242 66
243 66
244 66
245 66
246 66
247 66
248 66
249 66
250 66
251 66
252 66
253 66
254 66
255 66
38 68
48 69
49 69
50 69
51 69
52 69
53 69
54 69
55 69
56 69
57 69
65 69
66 69
67 69
68 69
69 69
70 69
71 69
72 69
73 69
74 69
75 69
76 69
77 69
78 69
79 69
80 69
81 69
82 69
83 69
84 69
85 69
86 69
87 69
88 69
89 69
90 69
97 69
98 69
99 69
100 69
101 69
102 69
103 69
104 69
105 69
106 69
107 69
108 69
109 69
110 69
111 69
112 69
113 69
114 69
115 69
116 69
117 69
118 69
119 69
120 69
121 69
122 69
43 70
45 71
42 72
92 73
46 74
48 16
49 16
50 17
51 17
52 17
53 17
54 17
55 17
56 17
57 17
88 75
98 76
120 75
46 74
48 16
49 16
50 17
51 17
52 17
53 17
54 17
55 17
56 17
57 17
98 76
46 74
48 17
49 17
50 17
51 17
52 17
53 17
54 17
55 17
56 17
57 17
60 77
61 78
61 79
61 80
62 81
48 29
49 29
50 29
51 29
52 29
53 29
54 29
55 29
56 29
57 29
65 29
66 29
67 29
68 29
69 29
70 29
71 29
72 29
73 29
74 29
75 29
76 29
77 29
78 82
79 29
80 29
81 29
82 29
83 29
84 29
85 29
86 29
87 29
88 29
89 29
90 29
95 29
97 29
98 29
99 29
100 29
101 29
102 29
103 29
104 29
105 29
106 29
107 29
108 29
109 29
110 29
111 29
112 29
113 29
114 29
115 29
116 29
117 29
118 29
119 29
120 29
121 29
122 29
48 29
49 29
50 29
51 29
52 29
53 29
54 29
55 29
56 29
57 29
65 29
66 29
67 29
68 29
69 29
70 29
71 29
72 29
73 83
74 29
75 29
76 29
77 29
78 29
79 84
80 29
81 29
82 85
83 29
84 29
85 29
86 29
87 29
88 29
89 29
90 29
95 29
97 29
98 29
99 29
100 29
101 29
102 29
103 29
104 29
105 29
106 29
107 29
108 29
109 29
110 29
111 29
112 29
113 29
114 29
115 29
116 29
117 29
118 29
119 29
120 29
121 29
122 29
48 29
49 29
50 29
51 29
52 29
53 29
54 29
55 29
56 29
57 29
65 29
66 29
67 29
68 29
69 29
70 29
71 29
72 86
73 29
74 29
75 29
76 87
77 29
78 29
79 29
80 29
81 29
82 29
83 29
84 29
85 29
86 29
87 29
88 29
89 29
90 29
95 29
97 29
98 29
99 29
100 29
101 29
102 29
103 29
104 29
105 29
106 29
107 29
108 29
109 29
110 29
111 29
112 29
113 29
114 29
115 29
116 29
117 29
118 29
119 29
120 29
121 29
122 29
48 29
49 29
50 29
51 29
52 29
53 29
54 29
55 29
56 29
57 29
65 29
66 29
67 29
68 29
69 29
70 29
71 29
72 29
73 29
74 29
75 29
76 29
77 29
78 29
79 88
80 29
81 29
82 29
83 29
84 29
85 29
86 29
87 29
88 29
89 29
90 29
95 29
97 29
98 29
99 29
100 29
101 29
102 29
103 29
104 29
105 29
106 29
107 29
108 29
109 29
110 29
111 29
112 29
113 29
114 29
115 29
116 29
117 29
118 29
119 29
120 29
121 29
122 29
48 29
49 29
50 29
51 29
52 29
53 29
54 29
55 29
56 29
57 29
65 29
66 29
67 29
68 29
69 29
70 29
71 29
72 29
73 29
74 29
75 29
76 89
77 29
78 29
79 29
80 29
81 29
82 29
83 29
84 29
85 29
86 29
87 29
88 29
89 29
90 29
95 29
97 29
98 29
99 29
100 29
101 29
102 29
103 29
104 29
105 29
106 29
107 29
108 29
109 29
110 29
111 29
112 29
113 29
114 29
115 29
116 29
117 29
118 29
119 29
120 29
121 29
122 29
48 29
49 29
50 29
51 29
52 29
53 29
54 29
55 29
56 29
57 29
65 90
66 29
67 29
68 29
69 29
70 29
71 29
72 29
73 29
74 29
75 29
76 91
77 29
78 29
79 92
80 29
81 29
82 29
83 29
84 29
85 29
86 29
87 29
88 29
89 29
90 29
95 29
97 29
98 29
99 29
100 29
101 29
102 29
103 29
104 29
105 29
106 29
107 29
108 29
109 29
110 29
111 29
112 29
113 29
114 29
115 29
116 29
117 29
118 29
119 29
120 29
121 29
122 29
48 29
49 29
50 29
51 29
52 29
53 29
54 29
55 29
56 29
57 29
65 29
66 29
67 29
68 29
69 29
70 29
71 29
72 29
73 29
74 29
75 29
76 29
77 29
78 29
79 29
80 29
81 29
82 29
83 29
84 29
85 29
86 29
87 29
88 29
89 29
90 29
95 29
97 29
98 29
99 29
100 29
101 29
102 29
103 29
104 29
105 29
106 29
107 29
108 29
109 29
110 29
111 29
112 29
113 29
114 29
115 29
116 29
117 29
118 29
119 29
120 29
121 29
122 29
48 29
49 29
50 29
51 29
52 29
53 29
54 29
55 29
56 29
57 29
65 29
66 29
67 29
68 29
69 93
70 29
71 29
72 29
73 29
74 29
75 29
76 29
77 29
78 29
79 29
80 29
81 29
82 29
83 29
84 29
85 29
86 29
87 29
88 29
89 29
90 29
95 29
97 29
98 29
99 29
100 29
101 29
102 29
103 29
104 29
105 29
106 29
107 29
108 29
109 29
110 29
111 29
112 29
113 29
114 29
115 29
116 29
117 29
118 29
119 29
120 29
121 29
122 29
48 29
49 29
50 29
51 29
52 29
53 29
54 29
55 29
56 29
57 29
65 29
66 29
67 29
68 29
69 29
70 94
71 29
72 29
73 29
74 29
75 29
76 29
77 29
78 95
79 29
80 29
81 29
82 29
83 29
84 29
85 29
86 29
87 29
88 29
89 29
90 29
95 29
97 29
98 29
99 29
100 29
101 29
102 29
103 29
104 29
105 29
106 29
107 29
108 29
109 29
110 29
111 29
112 29
113 29
114 29
115 29
116 29
117 29
118 29
119 29
120 29
121 29
122 29
48 29
49 29
50 29
51 29
52 29
53 29
54 29
55 29
56 29
57 29
65 96
66 29
67 29
68 29
69 29
70 29
71 29
72 29
73 29
74 29
75 29
76 29
77 29
78 29
79 29
80 29
81 29
82 29
83 29
84 29
85 29
86 29
87 29
88 29
89 29
90 29
95 29
97 29
98 29
99 29
100 29
101 29
102 29
103 29
104 29
105 29
106 29
107 29
108 29
109 29
110 29
111 29
112 29
113 29
114 29
115 29
116 29
117 29
118 29
119 29
120 29
121 29
122 29
48 29
49 29
50 29
51 29
52 29
53 29
54 29
55 29
56 29
57 29
65 29
66 29
67 29
68 29
69 29
70 29
71 29
72 29
73 29
74 29
75 29
76 29
77 29
78 29
79 29
80 29
81 29
82 97
83 29
84 29
85 29
86 29
87 29
88 29
89 29
90 29
95 29
97 29
98 29
99 29
100 29
101 29
102 29
103 29
104 29
105 29
106 29
107 29
108 29
109 29
110 29
111 29
112 29
113 29
114 29
115 29
116 29
117 29
118 29
119 29
120 29
121 29
122 29
48 29
49 29
50 29
51 29
52 29
53 29
54 29
55 29
56 29
57 29
65 29
66 29
67 29
68 29
69 29
70 29
71 29
72 29
73 29
74 29
75 29
76 29
77 29
78 29
79 29
80 29
81 29
82 98
83 29
84 29
85 29
86 29
87 29
88 29
89 29
90 29
95 29
97 29
98 29
99 29
100 29
101 29
102 29
103 29
104 29
105 29
106 29
107 29
108 29
109 29
110 29
111 29
112 29
113 29
114 29
115 29
116 29
117 29
118 29
119 29
120 29
121 29
122 29
48 29
49 29
50 29
51 29
52 29
53 29
54 29
55 29
56 29
57 29
65 29
66 29
67 29
68 29
69 99
70 29
71 29
72 29
73 29
74 29
75 29
76 29
77 29
78 29
79 29
80 29
81 29
82 29
83 29
84 29
85 29
86 29
87 29
88 29
89 29
90 29
95 29
97 29
98 29
99 29
100 29
101 29
102 29
103 29
104 29
105 29
106 29
107 29
108 29
109 29
110 29
111 29
112 29
113 29
114 29
115 29
116 29
117 29
118 29
119 29
120 29
121 29
122 29
48 29
49 29
50 29
51 29
52 29
53 29
54 29
55 29
56 29
57 29
65 29
66 29
67 100
68 29
69 29
70 29
71 29
72 29
73 29
74 29
75 29
76 29
77 29
78 29
79 29
80 29
81 29
82 29
83 29
84 101
85 29
86 29
87 29
88 29
89 29
90 29
95 29
97 29
98 29
99 29
100 29
101 29
102 29
103 29
104 29
105 29
106 29
107 29
108 29
109 29
110 29
111 29
112 29
113 29
114 29
115 29
116 29
117 29
118 29
119 29
120 29
121 29
122 29
48 29
49 29
50 29
51 29
52 29
53 29
54 29
55 29
56 29
57 29
65 29
66 29
67 29
68 29
69 29
70 29
71 29
72 102
73 29
74 29
75 29
76 29
77 29
78 29
79 29
80 29
81 29
82 103
83 29
84 29
85 29
86 29
87 29
88 29
89 29
90 29
95 29
97 29
98 29
99 29
100 29
101 29
102 29
103 29
104 29
105 29
106 29
107 29
108 29
109 29
110 29
111 29
112 29
113 29
114 29
115 29
116 29
117 29
118 29
119 29
120 29
121 29
122 29
48 29
49 29
50 29
51 29
52 29
53 29
54 29
55 29
56 29
57 29
65 29
66 29
67 29
68 29
69 29
70 29
71 29
72 29
73 29
74 29
75 29
76 29
77 29
78 29
79 104
80 29
81 29
82 29
83 29
84 29
85 29
86 29
87 29
88 29
89 29
90 29
95 29
97 29
98 29
99 29
100 29
101 29
102 29
103 29
104 29
105 29
106 29
107 29
108 29
109 29
110 29
111 29
112 29
113 29
114 29
115 29
116 29
117 29
118 29
119 29
120 29
121 29
122 29
48 29
49 29
50 29
51 29
52 29
53 29
54 29
55 29
56 29
57 29
65 29
66 29
67 29
68 29
69 29
70 29
71 29
72 105
73 29
74 29
75 29
76 29
77 29
78 29
79 29
80 29
81 29
82 29
83 29
84 29
85 29
86 29
87 29
88 29
89 29
90 29
95 29
97 29
98 29
99 29
100 29
101 29
102 29
103 29
104 29
105 29
106 29
107 29
108 29
109 29
110 29
111 29
112 29
113 29
114 29
115 29
116 29
117 29
118 29
119 29
120 29
121 29
122 29
65 29
66 29
67 29
68 29
69 29
70 29
71 29
72 29
73 29
74 29
75 29
76 29
77 29
78 29
79 29
80 29
81 29
82 29
83 29
84 29
85 29
86 29
87 29
88 29
89 29
90 29
97 29
98 29
99 29
100 29
101 29
102 29
103 29
104 29
105 29
106 29
107 29
108 29
109 29
110 29
111 29
112 29
113 29
114 29
115 29
116 29
117 29
118 29
119 29
120 29
121 29
122 29
48 29
49 29
50 29
51 29
52 29
53 29
54 29
55 29
56 29
57 29
65 29
66 29
67 29
68 29
69 29
70 29
71 29
72 29
73 29
74 29
75 29
76 29
77 29
78 29
79 29
80 29
81 29
82 29
83 29
84 29
85 29
86 29
87 29
88 29
89 29
90 29
95 29
97 29
98 29
99 29
100 29
101 29
102 29
103 29
104 29
105 29
106 29
107 29
108 29
109 29
110 106
111 29
112 29
113 29
114 29
115 29
116 29
117 29
118 29
119 29
120 29
121 29
122 29
48 29
49 29
50 29
51 29
52 29
53 29
54 29
55 29
56 29
57 29
65 29
66 29
67 29
68 29
69 29
70 29
71 29
72 29
73 29
74 29
75 29
76 29
77 29
78 29
79 29
80 29
81 29
82 29
83 29
84 29
85 29
86 29
87 29
88 29
89 29
90 29
95 29
97 29
98 29
99 29
100 29
101 29
102 29
103 29
104 29
105 107
106 29
107 29
108 29
109 29
110 29
111 108
112 29
113 29
114 109
115 29
116 29
117 29
118 29
119 29
120 29
121 29
122 29
48 29
49 29
50 29
51 29
52 29
53 29
54 29
55 29
56 29
57 29
65 29
66 29
67 29
68 29
69 29
70 29
71 29
72 29
73 29
74 29
75 29
76 29
77 29
78 29
79 29
80 29
81 29
82 29
83 29
84 29
85 29
86 29
87 29
88 29
89 29
90 29
95 29
97 29
98 29
99 29
100 29
101 29
102 29
103 29
104 110
105 29
106 29
107 29
108 111
109 29
110 29
111 29
112 29
113 29
114 29
115 29
116 29
117 29
118 29
119 29
120 29
121 29
122 29
48 29
49 29
50 29
51 29
52 29
53 29
54 29
55 29
56 29
57 29
65 29
66 29
67 29
68 29
69 29
70 29
71 29
72 29
73 29
74 29
75 29
76 29
77 29
78 29
79 29
80 29
81 29
82 29
83 29
84 29
85 29
86 29
87 29
88 29
89 29
90 29
95 29
97 29
98 29
99 29
100 29
101 29
102 29
103 29
104 29
105 29
106 29
107 29
108 29
109 29
110 29
111 88
112 29
113 29
114 29
115 29
116 29
117 29
118 29
119 29
120 29
121 29
122 29
48 29
49 29
50 29
51 29
52 29
53 29
54 29
55 29
56 29
57 29
65 29
66 29
67 29
68 29
69 29
70 29
71 29
72 29
73 29
74 29
75 29
76 29
77 29
78 29
79 29
80 29
81 29
82 29
83 29
84 29
85 29
86 29
87 29
88 29
89 29
90 29
95 29
97 29
98 29
99 29
100 29
101 29
102 29
103 29
104 29
105 29
106 29
107 29
108 112
109 29
110 29
111 29
112 29
113 29
114 29
115 29
116 29
117 29
118 29
119 29
120 29
121 29
122 29
48 29
49 29
50 29
51 29
52 29
53 29
54 29
55 29
56 29
57 29
65 29
66 29
67 29
68 29
69 29
70 29
71 29
72 29
73 29
74 29
75 29
76 29
77 29
78 29
79 29
80 29
81 29
82 29
83 29
84 29
85 29
86 29
87 29
88 29
89 29
90 29
95 29
97 113
98 29
99 29
100 29
101 29
102 29
103 29
104 29
105 29
106 29
107 29
108 114
109 29
110 29
111 115
112 29
113 29
114 29
115 29
116 29
117 29
118 29
119 29
120 29
121 29
122 29
48 29
49 29
50 29
51 29
52 29
53 29
54 29
55 29
56 29
57 29
65 29
66 29
67 29
68 29
69 29
70 29
71 29
72 29
73 29
74 29
75 29
76 29
77 29
78 29
79 29
80 29
81 29
82 29
83 29
84 29
85 29
86 29
87 29
88 29
89 29
90 29
95 29
97 29
98 29
99 29
100 29
101 116
102 29
103 29
104 29
105 29
106 29
107 29
108 29
109 29
110 29
111 29
112 29
113 29
114 29
115 29
116 29
117 29
118 29
119 29
120 29
121 29
122 29
48 29
49 29
50 29
51 29
52 29
53 29
54 29
55 29
56 29
57 29
65 29
66 29
67 29
68 29
69 29
70 29
71 29
72 29
73 29
74 29
75 29
76 29
77 29
78 29
79 29
80 29
81 29
82 29
83 29
84 29
85 29
86 29
87 29
88 29
89 29
90 29
95 29
97 29
98 29
99 29
100 29
101 29
102 94
103 29
104 29
105 29
106 29
107 29
108 29
109 29
110 117
111 29
112 29
113 29
114 29
115 29
116 29
117 29
118 29
119 29
120 29
121 29
122 29
48 29
49 29
50 29
51 29
52 29
53 29
54 29
55 29
56 29
57 29
65 29
66 29
67 29
68 29
69 29
70 29
71 29
72 29
73 29
74 29
75 29
76 29
77 29
78 29
79 29
80 29
81 29
82 29
83 29
84 29
85 29
86 29
87 29
88 29
89 29
90 29
95 29
97 118
98 29
99 29
100 29
101 29
102 29
103 29
104 29
105 29
106 29
107 29
108 29
109 29
110 29
111 29
112 29
113 29
114 29
115 29
116 29
117 29
118 29
119 29
120 29
121 29
122 29
48 29
49 29
50 29
51 29
52 29
53 29
54 29
55 29
56 29
57 29
65 29
66 29
67 29
68 29
69 29
70 29
71 29
72 29
73 29
74 29
75 29
76 29
77 29
78 29
79 29
80 29
81 29
82 29
83 29
84 29
85 29
86 29
87 29
88 29
89 29
90 29
95 29
97 29
98 29
99 29
100 29
101 119
102 29
103 29
104 29
105 29
106 29
107 29
108 29
109 29
110 29
111 29
112 29
113 29
114 29
115 29
116 29
117 29
118 29
119 29
120 29
121 29
122 29
48 29
49 29
50 29
51 29
52 29
53 29
54 29
55 29
56 29
57 29
65 29
66 29
67 29
68 29
69 29
70 29
71 29
72 29
73 29
74 29
75 29
76 29
77 29
78 29
79 29
80 29
81 29
82 29
83 29
84 29
85 29
86 29
87 29
88 29
89 29
90 29
95 29
97 29
98 29
99 29
100 29
101 29
102 29
103 29
104 29
105 29
106 29
107 29
108 29
109 29
110 29
111 29
112 29
113 29
114 97
115 29
116 29
117 29
118 29
119 29
120 29
121 29
122 29
48 29
49 29
50 29
51 29
52 29
53 29
54 29
55 29
56 29
57 29
65 29
66 29
67 29
68 29
69 29
70 29
71 29
72 29
73 29
74 29
75 29
76 29
77 29
78 29
79 29
80 29
81 29
82 29
83 29
84 29
85 29
86 29
87 29
88 29
89 29
90 29
95 29
97 29
98 29
99 29
100 29
101 29
102 29
103 29
104 29
105 29
106 29
107 29
108 29
109 29
110 29
111 29
112 29
113 29
114 120
115 29
116 29
117 29
118 29
119 29
120 29
121 29
122 29
48 29
49 29
50 29
51 29
52 29
53 29
54 29
55 29
56 29
57 29
65 29
66 29
67 29
68 29
69 29
70 29
71 29
72 29
73 29
74 29
75 29
76 29
77 29
78 29
79 29
80 29
81 29
82 29
83 29
84 29
85 29
86 29
87 29
88 29
89 29
90 29
95 29
97 29
98 29
99 29
100 29
101 121
102 29
103 29
104 29
105 29
106 29
107 29
108 29
109 29
110 29
111 29
112 29
113 29
114 29
115 29
116 29
117 29
118 29
119 29
120 29
121 29
122 29
48 29
49 29
50 29
51 29
52 29
53 29
54 29
55 29
56 29
57 29
65 29
66 29
67 29
68 29
69 29
70 29
71 29
72 29
73 29
74 29
75 29
76 29
77 29
78 29
79 29
80 29
81 29
82 29
83 29
84 29
85 29
86 29
87 29
88 29
89 29
90 29
95 29
97 29
98 29
99 122
100 29
101 29
102 29
103 29
104 29
105 29
106 29
107 29
108 29
109 29
110 29
111 29
112 29
113 29
114 29
115 29
116 123
117 29
118 29
119 29
120 29
121 29
122 29
48 29
49 29
50 29
51 29
52 29
53 29
54 29
55 29
56 29
57 29
65 29
66 29
67 29
68 29
69 29
70 29
71 29
72 29
73 29
74 29
75 29
76 29
77 29
78 29
79 29
80 29
81 29
82 29
83 29
84 29
85 29
86 29
87 29
88 29
89 29
90 29
95 29
97 29
98 29
99 29
100 29
101 29
102 29
103 29
104 124
105 29
106 29
107 29
108 29
109 29
110 29
111 29
112 29
113 29
114 125
115 29
116 29
117 29
118 29
119 29
120 29
121 29
122 29
48 29
49 29
50 29
51 29
52 29
53 29
54 29
55 29
56 29
57 29
65 29
66 29
67 29
68 29
69 29
70 29
71 29
72 29
73 29
74 29
75 29
76 29
77 29
78 29
79 29
80 29
81 29
82 29
83 29
84 29
85 29
86 29
87 29
88 29
89 29
90 29
95 29
97 29
98 29
99 29
100 29
101 29
102 29
103 29
104 29
105 29
106 29
107 29
108 29
109 29
110 29
111 126
112 29
113 29
114 29
115 29
116 29
117 29
118 29
119 29
120 29
121 29
122 29
48 29
49 29
50 29
51 29
52 29
53 29
54 29
55 29
56 29
57 29
65 29
66 29
67 29
68 29
69 29
70 29
71 29
72 29
73 29
74 29
75 29
76 29
77 29
78 29
79 29
80 29
81 29
82 29
83 29
84 29
85 29
86 29
87 29
88 29
89 29
90 29
95 29
97 29
98 29
99 29
100 29
101 29
102 29
103 29
104 127
105 29
106 29
107 29
108 29
109 29
110 29
111 29
112 29
113 29
114 29
115 29
116 29
117 29
118 29
119 29
120 29
121 29
122 29
124 128
9 66
10 66
13 66
32 66
33 66
34 67
35 66
36 66
37 66
38 66
39 66
40 66
41 66
42 66
43 66
44 66
45 66
46 66
47 66
48 66
49 66
50 66
51 66
52 66
53 66
54 66
55 66
56 66
57 66
58 66
59 66
60 66
61 66
62 66
63 66
64 66
65 66
66 66
67 66
68 66
69 66
70 66
71 66
72 66
73 66
74 66
75 66
76 66
77 66
78 66
79 66
80 66
81 66
82 66
83 66
84 66
85 66
86 66
87 66
88 66
89 66
90 66
91 66
92 66
93 66
94 66
95 66
96 66
97 66
98 66
99 66
100 66
101 66
102 66
103 66
104 66
105 66
106 66
107 66
108 66
109 66
110 66
111 66
112 66
113 66
114 66
115 66
116 66
117 66
118 66
119 66
120 66
121 66
122 66
123 66
124 66
125 66
126 66
161 66
162 66
163 66
164 66
165 66
166 66
167 66
168 66
169 66
170 66
171 66
172 66
173 66
174 66
175 66
176 66
177 66
178 66
179 66
180 66
181 66
182 66
183 66
184 66
185 66
186 66
187 66
188 66
189 66
190 66
191 66
192 66
193 66
194 66
195 66
196 66
197 66
198 66
199 66
200 66
201 66
202 66
203 66
204 66
205 66
206 66
207 66
208 66
209 66
210 66
211 66
212 66
213 66
214 66
215 66
216 66
217 66
218 66
219 66
220 66
221 66
222 66
223 66
224 66
225 66
226 66
227 66
228 66
229 66
230 66
231 66
232 66
233 66
234 66
235 66
236 66
237 66
238 66
239 66
240 66
241 66
242 66
243 66
244 66
245 66
246 66
247 66
248 66
249 66
250 66
251 66
252 66
253 66
254 66
255 66
39 129
9 72
10 72
13 72
32 72
33 72
34 72
35 72
36 72
37 72
38 72
39 72
40 72
41 72
42 130
43 72
44 72
45 72
46 72
47 72
48 72
49 72
50 72
51 72
52 72
53 72
54 72
55 72
56 72
57 72
58 72
59 72
60 72
61 72
62 72
63 72
64 72
65 72
66 72
67 72
68 72
69 72
70 72
71 72
72 72
73 72
74 72
75 72
76 72
77 72
78 72
79 72
80 72
81 72
82 72
83 72
84 72
85 72
86 72
87 72
88 72
89 72
90 72
91 72
92 72
93 72
94 72
95 72
96 72
97 72
98 72
99 72
100 72
101 72
102 72
103 72
104 72
105 72
106 72
107 72
108 72
109 72
110 72
111 72
112 72
113 72
114 72
115 72
116 72
117 72
118 72
119 72
120 72
121 72
122 72
123 72
124 72
125 72
126 72
161 72
162 72
163 72
164 72
165 72
166 72
167 72
168 72
169 72
170 72
171 72
172 72
173 72
174 72
175 72
176 72
177 72
178 72
179 72
180 72
181 72
182 72
183 72
184 72
185 72
186 72
187 72
188 72
189 72
190 72
191 72
192 72
193 72
194 72
195 72
196 72
197 72
198 72
199 72
200 72
201 72
202 72
203 72
204 72
205 72
206 72
207 72
208 72
209 72
210 72
211 72
212 72
213 72
214 72
215 72
216 72
217 72
218 72
219 72
220 72
221 72
222 72
223 72
224 72
225 72
226 72
227 72
228 72
229 72
230 72
231 72
232 72
233 72
234 72
235 72
236 72
237 72
238 72
239 72
240 72
241 72
242 72
243 72
244 72
245 72
246 72
247 72
248 72
249 72
250 72
251 72
252 72
253 72
254 72
255 72
47 131
48 132
49 132
50 132
51 132
52 132
53 132
54 132
55 132
56 132
57 132
48 133
49 133
50 133
51 133
52 133
53 133
54 133
55 133
56 133
57 133
65 133
66 133
67 133
68 133
69 133
70 133
97 133
98 133
99 133
100 133
101 133
102 133
48 29
49 29
50 29
51 29
52 29
53 29
54 29
55 29
56 29
57 29
65 29
66 29
67 29
68 134
69 29
70 29
71 29
72 29
73 29
74 29
75 29
76 29
77 29
78 29
79 29
80 29
81 29
82 29
83 29
84 29
85 29
86 29
87 29
88 29
89 29
90 29
95 29
97 29
98 29
99 29
100 29
101 29
102 29
103 29
104 29
105 29
106 29
107 29
108 29
109 29
110 29
111 29
112 29
113 29
114 29
115 29
116 29
117 29
118 29
119 29
120 29
121 29
122 29
48 29
49 29
50 29
51 29
52 29
53 29
54 29
55 29
56 29
57 29
65 29
66 29
67 29
68 29
69 29
70 29
71 29
72 29
73 29
74 29
75 29
76 29
77 29
78 135
79 29
80 29
81 29
82 29
83 29
84 29
85 29
86 29
87 29
88 29
89 29
90 29
95 29
97 29
98 29
99 29
100 29
101 29
102 29
103 29
104 29
105 29
106 29
107 29
108 29
109 29
110 29
111 29
112 29
113 29
114 29
115 29
116 29
117 29
118 29
119 29
120 29
121 29
122 29
48 29
49 29
50 29
51 29
52 29
53 29
54 29
55 29
56 29
57 29
65 29
66 29
67 29
68 29
69 29
70 29
71 29
72 29
73 29
74 29
75 29
76 29
77 29
78 29
79 136
80 29
81 29
82 29
83 29
84 29
85 29
86 29
87 29
88 29
89 29
90 29
95 29
97 29
98 29
99 29
100 29
101 29
102 29
103 29
104 29
105 29
106 29
107 29
108 29
109 29
110 29
111 29
112 29
113 29
114 29
115 29
116 29
117 29
118 29
119 29
120 29
121 29
122 29
48 29
49 29
50 29
51 29
52 29
53 29
54 29
55 29
56 29
57 29
65 29
66 29
67 29
68 29
69 137
70 29
71 29
72 29
73 29
74 29
75 29
76 29
77 29
78 29
79 29
80 29
81 29
82 29
83 29
84 29
85 29
86 29
87 29
88 29
89 29
90 29
95 29
97 29
98 29
99 29
100 29
101 29
102 29
103 29
104 29
105 29
106 29
107 29
108 29
109 29
110 29
111 29
112 29
113 29
114 29
115 29
116 29
117 29
118 29
119 29
120 29
121 29
122 29
48 29
49 29
50 29
51 29
52 29
53 29
54 29
55 29
56 29
57 29
65 138
66 29
67 29
68 29
69 29
70 29
71 29
72 29
73 29
74 29
75 29
76 29
77 29
78 29
79 29
80 29
81 29
82 29
83 29
84 29
85 29
86 29
87 29
88 29
89 29
90 29
95 29
97 29
98 29
99 29
100 29
101 29
102 29
103 29
104 29
105 29
106 29
107 29
108 29
109 29
110 29
111 29
112 29
113 29
114 29
115 29
116 29
117 29
118 29
119 29
120 29
121 29
122 29
48 29
49 29
50 29
51 29
52 29
53 29
54 29
55 29
56 29
57 29
65 139
66 29
67 29
68 29
69 29
70 29
71 29
72 29
73 29
74 29
75 29
76 29
77 29
78 29
79 29
80 29
81 29
82 29
83 29
84 29
85 29
86 29
87 29
88 29
89 29
90 29
95 29
97 29
98 29
99 29
100 29
101 29
102 29
103 29
104 29
105 29
106 29
107 29
108 29
109 29
110 29
111 29
112 29
113 29
114 29
115 29
116 29
117 29
118 29
119 29
120 29
121 29
122 29
48 29
49 29
50 29
51 29
52 29
53 29
54 29
55 29
56 29
57 29
65 29
66 29
67 29
68 29
69 29
70 29
71 29
72 29
73 29
74 29
75 29
76 29
77 29
78 29
79 29
80 29
81 29
82 29
83 29
84 29
85 29
86 29
87 29
88 29
89 29
90 29
95 29
97 29
98 29
99 29
100 29
101 29
102 29
103 29
104 29
105 29
106 29
107 29
108 29
109 29
110 29
111 29
112 29
113 29
114 29
115 29
116 29
117 29
118 29
119 29
120 29
121 29
122 29
48 29
49 29
50 29
51 29
52 29
53 29
54 29
55 29
56 29
57 29
65 29
66 29
67 29
68 29
69 29
70 29
71 29
72 29
73 29
74 29
75 29
76 29
77 29
78 29
79 29
80 29
81 29
82 29
83 140
84 29
85 29
86 29
87 29
88 29
89 29
90 29
95 29
97 29
98 29
99 29
100 29
101 29
102 29
103 29
104 29
105 29
106 29
107 29
108 29
109 29
110 29
111 29
112 29
113 29
114 29
115 29
116 29
117 29
118 29
119 29
120 29
121 29
122 29
48 29
49 29
50 29
51 29
52 29
53 29
54 29
55 29
56 29
57 29
65 29
66 29
67 29
68 29
69 29
70 29
71 29
72 29
73 29
74 29
75 29
76 141
77 29
78 29
79 29
80 29
81 29
82 29
83 29
84 29
85 29
86 29
87 29
88 29
89 29
90 29
95 29
97 29
98 29
99 29
100 29
101 29
102 29
103 29
104 29
105 29
106 29
107 29
108 29
109 29
110 29
111 29
112 29
113 29
114 29
115 29
116 29
117 29
118 29
119 29
120 29
121 29
122 29
48 29
49 29
50 29
51 29
52 29
53 29
54 29
55 29
56 29
57 29
65 29
66 29
67 29
68 29
69 29
70 29
71 29
72 29
73 29
74 29
75 29
76 29
77 29
78 29
79 142
80 29
81 29
82 29
83 29
84 29
85 29
86 29
87 29
88 29
89 29
90 29
95 29
97 29
98 29
99 29
100 29
101 29
102 29
103 29
104 29
105 29
106 29
107 29
108 29
109 29
110 29
111 29
112 29
113 29
114 29
115 29
116 29
117 29
118 29
119 29
120 29
121 29
122 29
48 29
49 29
50 29
51 29
52 29
53 29
54 29
55 29
56 29
57 29
65 29
66 29
67 29
68 29
69 29
70 29
71 29
72 29
73 29
74 29
75 29
76 29
77 29
78 29
79 29
80 29
81 29
82 143
83 29
84 29
85 29
86 29
87 29
88 29
89 29
90 29
95 29
97 29
98 29
99 29
100 29
101 29
102 29
103 29
104 29
105 29
106 29
107 29
108 29
109 29
110 29
111 29
112 29
113 29
114 29
115 29
116 29
117 29
118 29
119 29
120 29
121 29
122 29
48 29
49 29
50 29
51 29
52 29
53 29
54 29
55 29
56 29
57 29
65 29
66 29
67 29
68 29
69 29
70 29
71 29
72 29
73 29
74 29
75 29
76 29
77 29
78 29
79 29
80 29
81 29
82 29
83 29
84 29
85 29
86 29
87 29
88 144
89 29
90 29
95 29
97 29
98 29
99 29
100 29
101 29
102 29
103 29
104 29
105 29
106 29
107 29
108 29
109 29
110 29
111 29
112 29
113 29
114 29
115 29
116 29
117 29
118 29
119 29
120 29
121 29
122 29
48 29
49 29
50 29
51 29
52 29
53 29
54 29
55 29
56 29
57 29
65 29
66 29
67 29
68 29
69 29
70 29
71 29
72 29
73 29
74 29
75 29
76 29
77 29
78 29
79 29
80 29
81 29
82 29
83 29
84 29
85 29
86 29
87 29
88 29
89 29
90 29
95 29
97 29
98 29
99 29
100 29
101 29
102 29
103 29
104 29
105 29
106 29
107 29
108 29
109 29
110 29
111 29
112 29
113 29
114 29
115 29
116 29
117 29
118 29
119 29
120 29
121 29
122 29
48 29
49 29
50 29
51 29
52 29
53 29
54 29
55 29
56 29
57 29
65 29
66 29
67 29
68 29
69 29
70 29
71 29
72 29
73 29
74 29
75 29
76 29
77 29
78 29
79 29
80 29
81 29
82 29
83 29
84 145
85 29
86 29
87 29
88 29
89 29
90 29
95 29
97 29
98 29
99 29
100 29
101 29
102 29
103 29
104 29
105 29
106 29
107 29
108 29
109 29
110 29
111 29
112 29
113 29
114 29
115 29
116 29
117 29
118 29
119 29
120 29
121 29
122 29
48 29
49 29
50 29
51 29
52 29
53 29
54 29
55 29
56 29
57 29
65 29
66 29
67 29
68 29
69 29
70 29
71 29
72 29
73 146
74 29
75 29
76 29
77 29
78 29
79 29
80 29
81 29
82 29
83 29
84 29
85 29
86 29
87 29
88 29
89 29
90 29
95 29
97 29
98 29
99 29
100 29
101 29
102 29
103 29
104 29
105 29
106 29
107 29
108 29
109 29
110 29
111 29
112 29
113 29
114 29
115 29
116 29
117 29
118 29
119 29
120 29
121 29
122 29
48 29
49 29
50 29
51 29
52 29
53 29
54 29
55 29
56 29
57 29
65 29
66 29
67 29
68 29
69 29
70 29
71 29
72 29
73 29
74 29
75 29
76 29
77 29
78 29
79 29
80 29
81 29
82 29
83 29
84 29
85 29
86 29
87 29
88 29
89 29
90 29
95 29
97 29
98 29
99 29
100 29
101 29
102 29
103 29
104 29
105 29
106 29
107 29
108 29
109 29
110 29
111 29
112 29
113 29
114 29
115 29
116 29
117 29
118 29
119 29
120 29
121 29
122 29
48 29
49 29
50 29
51 29
52 29
53 29
54 29
55 29
56 29
57 29
65 29
66 29
67 29
68 29
69 29
70 29
71 29
72 29
73 147
74 29
75 29
76 29
77 29
78 29
79 29
80 29
81 29
82 29
83 29
84 29
85 29
86 29
87 29
88 29
89 29
90 29
95 29
97 29
98 29
99 29
100 29
101 29
102 29
103 29
104 29
105 29
106 29
107 29
108 29
109 29
110 29
111 29
112 29
113 29
114 29
115 29
116 29
117 29
118 29
119 29
120 29
121 29
122 29
48 29
49 29
50 29
51 29
52 29
53 29
54 29
55 29
56 29
57 29
65 29
66 29
67 29
68 29
69 29
70 29
71 29
72 29
73 29
74 29
75 29
76 29
77 29
78 29
79 29
80 29
81 29
82 29
83 29
84 148
85 29
86 29
87 29
88 29
89 29
90 29
95 29
97 29
98 29
99 29
100 29
101 29
102 29
103 29
104 29
105 29
106 29
107 29
108 29
109 29
110 29
111 29
112 29
113 29
114 29
115 29
116 29
117 29
118 29
119 29
120 29
121 29
122 29
48 29
49 29
50 29
51 29
52 29
53 29
54 29
55 29
56 29
57 29
65 149
66 29
67 29
68 29
69 29
70 29
71 29
72 29
73 29
74 29
75 29
76 29
77 29
78 29
79 29
80 29
81 29
82 29
83 29
84 29
85 29
86 29
87 29
88 29
89 29
90 29
95 29
97 29
98 29
99 29
100 29
101 29
102 29
103 29
104 29
105 29
106 29
107 29
108 29
109 29
110 29
111 29
112 29
113 29
114 29
115 29
116 29
117 29
118 29
119 29
120 29
121 29
122 29
48 29
49 29
50 29
51 29
52 29
53 29
54 29
55 29
56 29
57 29
65 29
66 29
67 29
68 29
69 29
70 29
71 29
72 29
73 29
74 29
75 29
76 29
77 29
78 29
79 29
80 29
81 29
82 150
83 29
84 29
85 29
86 29
87 29
88 29
89 29
90 29
95 29
97 29
98 29
99 29
100 29
101 29
102 29
103 29
104 29
105 29
106 29
107 29
108 29
109 29
110 29
111 29
112 29
113 29
114 29
115 29
116 29
117 29
118 29
119 29
120 29
121 29
122 29
48 29
49 29
50 29
51 29
52 29
53 29
54 29
55 29
56 29
57 29
65 29
66 29
67 29
68 29
69 151
70 29
71 29
72 29
73 29
74 29
75 29
76 29
77 29
78 29
79 29
80 29
81 29
82 29
83 29
84 29
85 29
86 29
87 29
88 29
89 29
90 29
95 29
97 29
98 29
99 29
100 29
101 29
102 29
103 29
104 29
105 29
106 29
107 29
108 29
109 29
110 29
111 29
112 29
113 29
114 29
115 29
116 29
117 29
118 29
119 29
120 29
121 29
122 29
48 29
49 29
50 29
51 29
52 29
53 29
54 29
55 29
56 29
57 29
65 29
66 29
67 29
68 29
69 29
70 29
71 29
72 29
73 29
74 29
75 29
76 29
77 29
78 29
79 29
80 29
81 29
82 29
83 29
84 29
85 152
86 29
87 29
88 29
89 29
90 29
95 29
97 29
98 29
99 29
100 29
101 29
102 29
103 29
104 29
105 29
106 29
107 29
108 29
109 29
110 29
111 29
112 29
113 29
114 29
115 29
116 29
117 29
118 29
119 29
120 29
121 29
122 29
48 29
49 29
50 29
51 29
52 29
53 29
54 29
55 29
56 29
57 29
65 29
66 29
67 29
68 29
69 29
70 29
71 29
72 29
73 153
74 29
75 29
76 29
77 29
78 29
79 29
80 29
81 29
82 29
83 29
84 29
85 29
86 29
87 29
88 29
89 29
90 29
95 29
97 29
98 29
99 29
100 29
101 29
102 29
103 29
104 29
105 29
106 29
107 29
108 29
109 29
110 29
111 29
112 29
113 29
114 29
115 29
116 29
117 29
118 29
119 29
120 29
121 29
122 29
48 29
49 29
50 29
51 29
52 29
53 29
54 29
55 29
56 29
57 29
65 29
66 29
67 29
68 29
69 29
70 29
71 29
72 29
73 154
74 29
75 29
76 29
77 29
78 29
79 29
80 29
81 29
82 29
83 29
84 29
85 29
86 29
87 29
88 29
89 29
90 29
95 29
97 29
98 29
99 29
100 29
101 29
102 29
103 29
104 29
105 29
106 29
107 29
108 29
109 29
110 29
111 29
112 29
113 29
114 29
115 29
116 29
117 29
118 29
119 29
120 29
121 29
122 29
48 29
49 29
50 29
51 29
52 29
53 29
54 29
55 29
56 29
57 29
65 29
66 29
67 29
68 29
69 29
70 29
71 29
72 29
73 29
74 29
75 29
76 29
77 29
78 29
79 29
80 29
81 29
82 29
83 29
84 29
85 29
86 29
87 29
88 29
89 29
90 29
95 29
97 29
98 29
99 29
100 134
101 29
102 29
103 29
104 29
105 29
106 29
107 29
108 29
109 29
110 29
111 29
112 29
113 29
114 29
115 29
116 29
117 29
118 29
119 29
120 29
121 29
122 29
48 29
49 29
50 29
51 29
52 29
53 29
54 29
55 29
56 29
57 29
65 29
66 29
67 29
68 29
69 29
70 29
71 29
72 29
73 29
74 29
75 29
76 29
77 29
78 29
79 29
80 29
81 29
82 29
83 29
84 29
85 29
86 29
87 29
88 29
89 29
90 29
95 29
97 29
98 29
99 29
100 29
101 29
102 29
103 29
104 29
105 29
106 29
107 29
108 29
109 29
110 155
111 29
112 29
113 29
114 29
115 29
116 29
117 29
118 29
119 29
120 29
121 29
122 29
48 29
49 29
50 29
51 29
52 29
53 29
54 29
55 29
56 29
57 29
65 29
66 29
67 29
68 29
69 29
70 29
71 29
72 29
73 29
74 29
75 29
76 29
77 29
78 29
79 29
80 29
81 29
82 29
83 29
84 29
85 29
86 29
87 29
88 29
89 29
90 29
95 29
97 29
98 29
99 29
100 29
101 29
102 29
103 29
104 29
105 29
106 29
107 29
108 29
109 29
110 29
111 156
112 29
113 29
114 29
115 29
116 29
117 29
118 29
119 29
120 29
121 29
122 29
48 29
49 29
50 29
51 29
52 29
53 29
54 29
55 29
56 29
57 29
65 29
66 29
67 29
68 29
69 29
70 29
71 29
72 29
73 29
74 29
75 29
76 29
77 29
78 29
79 29
80 29
81 29
82 29
83 29
84 29
85 29
86 29
87 29
88 29
89 29
90 29
95 29
97 29
98 29
99 29
100 29
101 157
102 29
103 29
104 29
105 29
106 29
107 29
108 29
109 29
110 29
111 29
112 29
113 29
114 29
115 29
116 29
117 29
118 29
119 29
120 29
121 29
122 29
48 29
49 29
50 29
51 29
52 29
53 29
54 29
55 29
56 29
57 29
65 29
66 29
67 29
68 29
69 29
70 29
71 29
72 29
73 29
74 29
75 29
76 29
77 29
78 29
79 29
80 29
81 29
82 29
83 29
84 29
85 29
86 29
87 29
88 29
89 29
90 29
95 29
97 158
98 29
99 29
100 29
101 29
102 29
103 29
104 29
105 29
106 29
107 29
108 29
109 29
110 29
111 29
112 29
113 29
114 29
115 29
116 29
117 29
118 29
119 29
120 29
121 29
122 29
48 29
49 29
50 29
51 29
52 29
53 29
54 29
55 29
56 29
57 29
65 29
66 29
67 29
68 29
69 29
70 29
71 29
72 29
73 29
74 29
75 29
76 29
77 29
78 29
79 29
80 29
81 29
82 29
83 29
84 29
85 29
86 29
87 29
88 29
89 29
90 29
95 29
97 159
98 29
99 29
100 29
101 29
102 29
103 29
104 29
105 29
106 29
107 29
108 29
109 29
110 29
111 29
112 29
113 29
114 29
115 29
116 29
117 29
118 29
119 29
120 29
121 29
122 29
48 29
49 29
50 29
51 29
52 29
53 29
54 29
55 29
56 29
57 29
65 29
66 29
67 29
68 29
69 29
70 29
71 29
72 29
73 29
74 29
75 29
76 29
77 29
78 29
79 29
80 29
81 29
82 29
83 29
84 29
85 29
86 29
87 29
88 29
89 29
90 29
95 29
97 29
98 29
99 29
100 29
101 29
102 29
103 29
104 29
105 29
106 29
107 29
108 29
109 29
110 29
111 29
112 29
113 29
114 29
115 160
116 29
117 29
118 29
119 29
120 29
121 29
122 29
48 29
49 29
50 29
51 29
52 29
53 29
54 29
55 29
56 29
57 29
65 29
66 29
67 29
68 29
69 29
70 29
71 29
72 29
73 29
74 29
75 29
76 29
77 29
78 29
79 29
80 29
81 29
82 29
83 29
84 29
85 29
86 29
87 29
88 29
89 29
90 29
95 29
97 29
98 29
99 29
100 29
101 29
102 29
103 29
104 29
105 29
106 29
107 29
108 161
109 29
110 29
111 29
112 29
113 29
114 29
115 29
116 29
117 29
118 29
119 29
120 29
121 29
122 29
48 29
49 29
50 29
51 29
52 29
53 29
54 29
55 29
56 29
57 29
65 29
66 29
67 29
68 29
69 29
70 29
71 29
72 29
73 29
74 29
75 29
76 29
77 29
78 29
79 29
80 29
81 29
82 29
83 29
84 29
85 29
86 29
87 29
88 29
89 29
90 29
95 29
97 29
98 29
99 29
100 29
101 29
102 29
103 29
104 29
105 29
106 29
107 29
108 29
109 29
110 29
111 162
112 29
113 29
114 29
115 29
116 29
117 29
118 29
119 29
120 29
121 29
122 29
48 29
49 29
50 29
51 29
52 29
53 29
54 29
55 29
56 29
57 29
65 29
66 29
67 29
68 29
69 29
70 29
71 29
72 29
73 29
74 29
75 29
76 29
77 29
78 29
79 29
80 29
81 29
82 29
83 29
84 29
85 29
86 29
87 29
88 29
89 29
90 29
95 29
97 29
98 29
99 29
100 29
101 29
102 29
103 29
104 29
105 29
106 29
107 29
108 29
109 29
110 29
111 29
112 29
113 29
114 143
115 29
116 29
117 29
118 29
119 29
120 29
121 29
122 29
48 29
49 29
50 29
51 29
52 29
53 29
54 29
55 29
56 29
57 29
65 29
66 29
67 29
68 29
69 29
70 29
71 29
72 29
73 29
74 29
75 29
76 29
77 29
78 29
79 29
80 29
81 29
82 29
83 29
84 29
85 29
86 29
87 29
88 29
89 29
90 29
95 29
97 29
98 29
99 29
100 29
101 29
102 29
103 29
104 29
105 29
106 29
107 29
108 29
109 29
110 29
111 29
112 29
113 29
114 29
115 29
116 29
117 29
118 29
119 29
120 144
121 29
122 29
48 29
49 29
50 29
51 29
52 29
53 29
54 29
55 29
56 29
57 29
65 29
66 29
67 29
68 29
69 29
70 29
71 29
72 29
73 29
74 29
75 29
76 29
77 29
78 29
79 29
80 29
81 29
82 29
83 29
84 29
85 29
86 29
87 29
88 29
89 29
90 29
95 29
97 29
98 29
99 29
100 29
101 29
102 29
103 29
104 29
105 29
106 29
107 29
108 29
109 29
110 29
111 29
112 29
113 29
114 29
115 29
116 145
117 29
118 29
119 29
120 29
121 29
122 29
48 29
49 29
50 29
51 29
52 29
53 29
54 29
55 29
56 29
57 29
65 29
66 29
67 29
68 29
69 29
70 29
71 29
72 29
73 29
74 29
75 29
76 29
77 29
78 29
79 29
80 29
81 29
82 29
83 29
84 29
85 29
86 29
87 29
88 29
89 29
90 29
95 29
97 29
98 29
99 29
100 29
101 29
102 29
103 29
104 29
105 163
106 29
107 29
108 29
109 29
110 29
111 29
112 29
113 29
114 29
115 29
116 29
117 29
118 29
119 29
120 29
121 29
122 29
48 29
49 29
50 29
51 29
52 29
53 29
54 29
55 29
56 29
57 29
65 29
66 29
67 29
68 29
69 29
70 29
71 29
72 29
73 29
74 29
75 29
76 29
77 29
78 29
79 29
80 29
81 29
82 29
83 29
84 29
85 29
86 29
87 29
88 29
89 29
90 29
95 29
97 29
98 29
99 29
100 29
101 29
102 29
103 29
104 29
105 29
106 29
107 29
108 29
109 29
110 29
111 29
112 29
113 29
114 29
115 29
116 29
117 29
118 29
119 164
120 29
121 29
122 29
48 29
49 29
50 29
51 29
52 29
53 29
54 29
55 29
56 29
57 29
65 29
66 29
67 29
68 29
69 29
70 29
71 29
72 29
73 29
74 29
75 29
76 29
77 29
78 29
79 29
80 29
81 29
82 29
83 29
84 29
85 29
86 29
87 29
88 29
89 29
90 29
95 29
97 29
98 29
99 29
100 29
101 29
102 29
103 29
104 29
105 165
106 29
107 29
108 29
109 29
110 29
111 29
112 29
113 29
114 29
115 29
116 29
117 29
118 29
119 29
120 29
121 29
122 29
48 29
49 29
50 29
51 29
52 29
53 29
54 29
55 29
56 29
57 29
65 29
66 29
67 29
68 29
69 29
70 29
71 29
72 29
73 29
74 29
75 29
76 29
77 29
78 29
79 29
80 29
81 29
82 29
83 29
84 29
85 29
86 29
87 29
88 29
89 29
90 29
95 29
97 29
98 29
99 29
100 29
101 29
102 29
103 29
104 29
105 29
106 29
107 29
108 29
109 29
110 29
111 29
112 29
113 29
114 29
115 29
116 166
117 29
118 29
119 29
120 29
121 29
122 29
48 29
49 29
50 29
51 29
52 29
53 29
54 29
55 29
56 29
57 29
65 29
66 29
67 29
68 29
69 29
70 29
71 29
72 29
73 29
74 29
75 29
76 29
77 29
78 29
79 29
80 29
81 29
82 29
83 29
84 29
85 29
86 29
87 29
88 29
89 29
90 29
95 29
97 167
98 29
99 29
100 29
101 29
102 29
103 29
104 29
105 29
106 29
107 29
108 29
109 29
110 29
111 29
112 29
113 29
114 29
115 29
116 29
117 29
118 29
119 29
120 29
121 29
122 29
48 29
49 29
50 29
51 29
52 29
53 29
54 29
55 29
56 29
57 29
65 29
66 29
67 29
68 29
69 29
70 29
71 29
72 29
73 29
74 29
75 29
76 29
77 29
78 29
79 29
80 29
81 29
82 29
83 29
84 29
85 29
86 29
87 29
88 29
89 29
90 29
95 29
97 29
98 29
99 29
100 29
101 29
102 29
103 29
104 29
105 29
106 29
107 29
108 29
109 29
110 29
111 29
112 29
113 29
114 168
115 29
116 29
117 29
118 29
119 29
120 29
121 29
122 29
48 29
49 29
50 29
51 29
52 29
53 29
54 29
55 29
56 29
57 29
65 29
66 29
67 29
68 29
69 29
70 29
71 29
72 29
73 29
74 29
75 29
76 29
77 29
78 29
79 29
80 29
81 29
82 29
83 29
84 29
85 29
86 29
87 29
88 29
89 29
90 29
95 29
97 29
98 29
99 29
100 29
101 169
102 29
103 29
104 29
105 29
106 29
107 29
108 29
109 29
110 29
111 29
112 29
113 29
114 29
115 29
116 29
117 29
118 29
119 29
120 29
121 29
122 29
48 29
49 29
50 29
51 29
52 29
53 29
54 29
55 29
56 29
57 29
65 29
66 29
67 29
68 29
69 29
70 29
71 29
72 29
73 29
74 29
75 29
76 29
77 29
78 29
79 29
80 29
81 29
82 29
83 29
84 29
85 29
86 29
87 29
88 29
89 29
90 29
95 29
97 29
98 29
99 29
100 29
101 29
102 29
103 29
104 29
105 29
106 29
107 29
108 29
109 29
110 29
111 29
112 29
113 29
114 29
115 29
116 29
117 170
118 29
119 29
120 29
121 29
122 29
48 29
49 29
50 29
51 29
52 29
53 29
54 29
55 29
56 29
57 29
65 29
66 29
67 29
68 29
69 29
70 29
71 29
72 29
73 29
74 29
75 29
76 29
77 29
78 29
79 29
80 29
81 29
82 29
83 29
84 29
85 29
86 29
87 29
88 29
89 29
90 29
95 29
97 29
98 29
99 29
100 29
101 29
102 29
103 29
104 29
105 171
106 29
107 29
108 29
109 29
110 29
111 29
112 29
113 29
114 29
115 29
116 29
117 29
118 29
119 29
120 29
121 29
122 29
48 29
49 29
50 29
51 29
52 29
53 29
54 29
55 29
56 29
57 29
65 29
66 29
67 29
68 29
69 29
70 29
71 29
72 29
73 29
74 29
75 29
76 29
77 29
78 29
79 29
80 29
81 29
82 29
83 29
84 29
85 29
86 29
87 29
88 29
89 29
90 29
95 29
97 29
98 29
99 29
100 29
101 29
102 29
103 29
104 29
105 172
106 29
107 29
108 29
109 29
110 29
111 29
112 29
113 29
114 29
115 29
116 29
117 29
118 29
119 29
120 29
121 29
122 29
9 72
10 72
13 72
32 72
33 72
34 72
35 72
36 72
37 72
38 72
39 72
40 72
41 72
42 130
43 72
44 72
45 72
46 72
47 173
48 72
49 72
50 72
51 72
52 72
53 72
54 72
55 72
56 72
57 72
58 72
59 72
60 72
61 72
62 72
63 72
64 72
65 72
66 72
67 72
68 72
69 72
70 72
71 72
72 72
73 72
74 72
75 72
76 72
77 72
78 72
79 72
80 72
81 72
82 72
83 72
84 72
85 72
86 72
87 72
88 72
89 72
90 72
91 72
92 72
93 72
94 72
95 72
96 72
97 72
98 72
99 72
100 72
101 72
102 72
103 72
104 72
105 72
106 72
107 72
108 72
109 72
110 72
111 72
112 72
113 72
114 72
115 72
116 72
117 72
118 72
119 72
120 72
121 72
122 72
123 72
124 72
125 72
126 72
161 72
162 72
163 72
164 72
165 72
166 72
167 72
168 72
169 72
170 72
171 72
172 72
173 72
174 72
175 72
176 72
177 72
178 72
179 72
180 72
181 72
182 72
183 72
184 72
185 72
186 72
187 72
188 72
189 72
190 72
191 72
192 72
193 72
194 72
195 72
196 72
197 72
198 72
199 72
200 72
201 72
202 72
203 72
204 72
205 72
206 72
207 72
208 72
209 72
210 72
211 72
212 72
213 72
214 72
215 72
216 72
217 72
218 72
219 72
220 72
221 72
222 72
223 72
224 72
225 72
226 72
227 72
228 72
229 72
230 72
231 72
232 72
233 72
234 72
235 72
236 72
237 72
238 72
239 72
240 72
241 72
242 72
243 72
244 72
245 72
246 72
247 72
248 72
249 72
250 72
251 72
252 72
253 72
254 72
255 72
9 131
32 131
33 131
34 131
35 131
36 131
37 131
38 131
39 131
40 131
41 131
42 131
43 131
44 131
45 131
46 131
47 131
48 131
49 131
50 131
51 131
52 131
53 131
54 131
55 131
56 131
57 131
58 131
59 131
60 131
61 131
62 131
63 131
64 131
65 131
66 131
67 131
68 131
69 131
70 131
71 131
72 131
73 131
74 131
75 131
76 131
77 131
78 131
79 131
80 131
81 131
82 131
83 131
84 131
85 131
86 131
87 131
88 131
89 131
90 131
91 131
92 131
93 131
94 131
95 131
96 131
97 131
98 131
99 131
100 131
101 131
102 131
103 131
104 131
105 131
106 131
107 131
108 131
109 131
110 131
111 131
112 131
113 131
114 131
115 131
116 131
117 131
118 131
119 131
120 131
121 131
122 131
123 131
124 131
125 131
126 131
161 131
162 131
163 131
164 131
165 131
166 131
167 131
168 131
169 131
170 131
171 131
172 131
173 131
174 131
175 131
176 131
177 131
178 131
179 131
180 131
181 131
182 131
183 131
184 131
185 131
186 131
187 131
188 131
189 131
190 131
191 131
192 131
193 131
194 131
195 131
196 131
197 131
198 131
199 131
200 131
201 131
202 131
203 131
204 131
205 131
206 131
207 131
208 131
209 131
210 131
211 131
212 131
213 131
214 131
215 131
216 131
217 131
218 131
219 131
220 131
221 131
222 131
223 131
224 131
225 131
226 131
227 131
228 131
229 131
230 131
231 131
232 131
233 131
234 131
235 131
236 131
237 131
238 131
239 131
240 131
241 131
242 131
243 131
244 131
245 131
246 131
247 131
248 131
249 131
250 131
251 131
252 131
253 131
254 131
255 131
48 132
49 132
50 132
51 132
52 132
53 132
54 132
55 132
56 132
57 132
102 174
48 133
49 133
50 133
51 133
52 133
53 133
54 133
55 133
56 133
57 133
65 133
66 133
67 133
68 133
69 133
70 133
97 133
98 133
99 133
100 133
101 133
102 133
48 29
49 29
50 29
51 29
52 29
53 29
54 29
55 29
56 29
57 29
65 29
66 29
67 29
68 29
69 29
70 29
71 29
72 29
73 29
74 29
75 29
76 29
77 29
78 29
79 29
80 29
81 29
82 29
83 29
84 29
85 29
86 29
87 29
88 29
89 29
90 29
95 29
97 29
98 29
99 29
100 29
101 29
102 29
103 29
104 29
105 29
106 29
107 29
108 29
109 29
110 29
111 29
112 29
113 29
114 29
115 29
116 29
117 29
118 29
119 29
120 29
121 29
122 29
48 29
49 29
50 29
51 29
52 29
53 29
54 29
55 29
56 29
57 29
65 175
66 29
67 29
68 29
69 29
70 29
71 29
72 29
73 29
74 29
75 29
76 29
77 29
78 29
79 29
80 29
81 29
82 29
83 29
84 29
85 29
86 29
87 29
88 29
89 29
90 29
95 29
97 29
98 29
99 29
100 29
101 29
102 29
103 29
104 29
105 29
106 29
107 29
108 29
109 29
110 29
111 29
112 29
113 29
114 29
115 29
116 29
117 29
118 29
119 29
120 29
121 29
122 29
48 29
49 29
50 29
51 29
52 29
53 29
54 29
55 29
56 29
57 29
65 29
66 29
67 29
68 29
69 29
70 29
71 29
72 29
73 29
74 29
75 29
76 176
77 29
78 29
79 29
80 29
81 29
82 29
83 29
84 29
85 29
86 29
87 29
88 29
89 29
90 29
95 29
97 29
98 29
99 29
100 29
101 29
102 29
103 29
104 29
105 29
106 29
107 29
108 29
109 29
110 29
111 29
112 29
113 29
114 29
115 29
116 29
117 29
118 29
119 29
120 29
121 29
122 29
48 29
49 29
50 29
51 29
52 29
53 29
54 29
55 29
56 29
57 29
65 177
66 29
67 29
68 29
69 29
70 29
71 29
72 29
73 29
74 29
75 29
76 29
77 29
78 29
79 29
80 29
81 29
82 29
83 29
84 29
85 29
86 29
87 29
88 29
89 29
90 29
95 29
97 29
98 29
99 29
100 29
101 29
102 29
103 29
104 29
105 29
106 29
107 29
108 29
109 29
110 29
111 29
112 29
113 29
114 29
115 29
116 29
117 29
118 29
119 29
120 29
121 29
122 29
48 29
49 29
50 29
51 29
52 29
53 29
54 29
55 29
56 29
57 29
65 29
66 29
67 29
68 29
69 29
70 29
71 29
72 29
73 29
74 29
75 29
76 29
77 29
78 29
79 29
80 29
81 29
82 178
83 29
84 29
85 29
86 29
87 29
88 29
89 29
90 29
95 29
97 29
98 29
99 29
100 29
101 29
102 29
103 29
104 29
105 29
106 29
107 29
108 29
109 29
110 29
111 29
112 29
113 29
114 29
115 29
116 29
117 29
118 29
119 29
120 29
121 29
122 29
48 29
49 29
50 29
51 29
52 29
53 29
54 29
55 29
56 29
57 29
65 29
66 29
67 29
68 29
69 29
70 29
71 29
72 29
73 29
74 29
75 29
76 29
77 29
78 29
79 29
80 29
81 29
82 29
83 179
84 29
85 29
86 29
87 29
88 29
89 29
90 29
95 29
97 29
98 29
99 29
100 29
101 29
102 29
103 29
104 29
105 29
106 29
107 29
108 29
109 29
110 29
111 29
112 29
113 29
114 29
115 29
116 29
117 29
118 29
119 29
120 29
121 29
122 29
48 29
49 29
50 29
51 29
52 29
53 29
54 29
55 29
56 29
57 29
65 29
66 29
67 29
68 29
69 180
70 29
71 29
72 29
73 29
74 29
75 29
76 29
77 29
78 29
79 29
80 29
81 29
82 29
83 29
84 29
85 29
86 29
87 29
88 29
89 29
90 29
95 29
97 29
98 29
99 29
100 29
101 29
102 29
103 29
104 29
105 29
106 29
107 29
108 29
109 29
110 29
111 29
112 29
113 29
114 29
115 29
116 29
117 29
118 29
119 29
120 29
121 29
122 29
48 29
49 29
50 29
51 29
52 29
53 29
54 29
55 29
56 29
57 29
65 29
66 29
67 29
68 29
69 29
70 29
71 29
72 29
73 29
74 29
75 29
76 29
77 29
78 29
79 29
80 29
81 29
82 29
83 181
84 29
85 29
86 29
87 29
88 29
89 29
90 29
95 29
97 29
98 29
99 29
100 29
101 29
102 29
103 29
104 29
105 29
106 29
107 29
108 29
109 29
110 29
111 29
112 29
113 29
114 29
115 29
116 29
117 29
118 29
119 29
120 29
121 29
122 29
48 29
49 29
50 29
51 29
52 29
53 29
54 29
55 29
56 29
57 29
65 182
66 29
67 29
68 29
69 29
70 29
71 29
72 29
73 29
74 29
75 29
76 29
77 29
78 29
79 29
80 29
81 29
82 29
83 29
84 29
85 29
86 29
87 29
88 29
89 29
90 29
95 29
97 29
98 29
99 29
100 29
101 29
102 29
103 29
104 29
105 29
106 29
107 29
108 29
109 29
110 29
111 29
112 29
113 29
114 29
115 29
116 29
117 29
118 29
119 29
120 29
121 29
122 29
48 29
49 29
50 29
51 29
52 29
53 29
54 29
55 29
56 29
57 29
65 29
66 29
67 29
68 29
69 29
70 29
71 29
72 29
73 29
74 29
75 29
76 29
77 29
78 29
79 29
80 29
81 29
82 29
83 29
84 29
85 29
86 29
87 29
88 29
89 29
90 29
95 29
97 29
98 29
99 29
100 29
101 29
102 29
103 29
104 29
105 29
106 29
107 29
108 29
109 29
110 29
111 29
112 29
113 29
114 29
115 29
116 29
117 29
118 29
119 29
120 29
121 29
122 29
48 29
49 29
50 29
51 29
52 29
53 29
54 29
55 29
56 29
57 29
65 29
66 29
67 29
68 29
69 29
70 29
71 29
72 29
73 29
74 29
75 29
76 29
77 29
78 29
79 29
80 29
81 29
82 29
83 29
84 29
85 29
86 29
87 29
88 29
89 29
90 29
95 29
97 29
98 29
99 29
100 29
101 29
102 29
103 29
104 29
105 29
106 29
107 29
108 29
109 29
110 29
111 29
112 29
113 29
114 29
115 29
116 29
117 29
118 29
119 29
120 29
121 29
122 29
48 29
49 29
50 29
51 29
52 29
53 29
54 29
55 29
56 29
57 29
65 29
66 29
67 29
68 29
69 29
70 29
71 29
72 29
73 29
74 29
75 29
76 29
77 29
78 29
79 29
80 29
81 29
82 29
83 29
84 29
85 29
86 29
87 29
88 29
89 29
90 29
95 29
97 29
98 29
99 29
100 29
101 29
102 29
103 29
104 29
105 29
106 29
107 29
108 29
109 29
110 29
111 29
112 29
113 29
114 29
115 29
116 29
117 29
118 29
119 29
120 29
121 29
122 29
48 29
49 29
50 29
51 29
52 29
53 29
54 29
55 29
56 29
57 29
65 29
66 29
67 29
68 29
69 29
70 29
71 29
72 29
73 29
74 29
75 29
76 29
77 29
78 183
79 29
80 29
81 29
82 29
83 29
84 29
85 29
86 29
87 29
88 29
89 29
90 29
95 29
97 29
98 29
99 29
100 29
101 29
102 29
103 29
104 29
105 29
106 29
107 29
108 29
109 29
110 29
111 29
112 29
113 29
114 29
115 29
116 29
117 29
118 29
119 29
120 29
121 29
122 29
48 29
49 29
50 29
51 29
52 29
53 29
54 29
55 29
56 29
57 29
65 29
66 29
67 29
68 29
69 29
70 29
71 29
72 29
73 29
74 29
75 29
76 29
77 29
78 184
79 29
80 29
81 29
82 29
83 29
84 29
85 29
86 29
87 29
88 29
89 29
90 29
95 29
97 29
98 29
99 29
100 29
101 29
102 29
103 29
104 29
105 29
106 29
107 29
108 29
109 29
110 29
111 29
112 29
113 29
114 29
115 29
116 29
117 29
118 29
119 29
120 29
121 29
122 29
48 29
49 29
50 29
51 29
52 29
53 29
54 29
55 29
56 29
57 29
65 29
66 29
67 29
68 29
69 29
70 29
71 29
72 29
73 29
74 29
75 29
76 29
77 29
78 29
79 29
80 29
81 29
82 29
83 29
84 29
85 185
86 29
87 29
88 29
89 29
90 29
95 29
97 29
98 29
99 29
100 29
101 29
102 29
103 29
104 29
105 29
106 29
107 29
108 29
109 29
110 29
111 29
112 29
113 29
114 29
115 29
116 29
117 29
118 29
119 29
120 29
121 29
122 29
48 29
49 29
50 29
51 29
52 29
53 29
54 29
55 29
56 29
57 29
65 29
66 29
67 29
68 29
69 29
70 29
71 29
72 29
73 29
74 29
75 29
76 29
77 29
78 186
79 29
80 29
81 29
82 29
83 29
84 29
85 29
86 29
87 29
88 29
89 29
90 29
95 29
97 29
98 29
99 29
100 29
101 29
102 29
103 29
104 29
105 29
106 29
107 29
108 29
109 29
110 29
111 29
112 29
113 29
114 29
115 29
116 29
117 29
118 29
119 29
120 29
121 29
122 29
48 29
49 29
50 29
51 29
52 29
53 29
54 29
55 29
56 29
57 29
65 29
66 29
67 29
68 29
69 29
70 29
71 29
72 29
73 187
74 29
75 29
76 29
77 29
78 29
79 29
80 29
81 29
82 29
83 29
84 29
85 29
86 29
87 29
88 29
89 29
90 29
95 29
97 29
98 29
99 29
100 29
101 29
102 29
103 29
104 29
105 29
106 29
107 29
108 29
109 29
110 29
111 29
112 29
113 29
114 29
115 29
116 29
117 29
118 29
119 29
120 29
121 29
122 29
48 29
49 29
50 29
51 29
52 29
53 29
54 29
55 29
56 29
57 29
65 29
66 29
67 29
68 29
69 29
70 29
71 29
72 29
73 29
74 29
75 29
76 29
77 29
78 188
79 29
80 29
81 29
82 29
83 29
84 29
85 29
86 29
87 29
88 29
89 29
90 29
95 29
97 29
98 29
99 29
100 29
101 29
102 29
103 29
104 29
105 29
106 29
107 29
108 29
109 29
110 29
111 29
112 29
113 29
114 29
115 29
116 29
117 29
118 29
119 29
120 29
121 29
122 29
48 29
49 29
50 29
51 29
52 29
53 29
54 29
55 29
56 29
57 29
65 29
66 29
67 29
68 29
69 189
70 29
71 29
72 29
73 29
74 29
75 29
76 29
77 29
78 29
79 29
80 29
81 29
82 29
83 29
84 29
85 29
86 29
87 29
88 29
89 29
90 29
95 29
97 29
98 29
99 29
100 29
101 29
102 29
103 29
104 29
105 29
106 29
107 29
108 29
109 29
110 29
111 29
112 29
113 29
114 29
115 29
116 29
117 29
118 29
119 29
120 29
121 29
122 29
48 29
49 29
50 29
51 29
52 29
53 29
54 29
55 29
56 29
57 29
65 29
66 29
67 29
68 190
69 29
70 29
71 29
72 29
73 29
74 29
75 29
76 29
77 29
78 29
79 29
80 29
81 29
82 29
83 29
84 29
85 29
86 29
87 29
88 29
89 29
90 29
95 29
97 29
98 29
99 29
100 29
101 29
102 29
103 29
104 29
105 29
106 29
107 29
108 29
109 29
110 29
111 29
112 29
113 29
114 29
115 29
116 29
117 29
118 29
119 29
120 29
121 29
122 29
48 29
49 29
50 29
51 29
52 29
53 29
54 29
55 29
56 29
57 29
65 29
66 29
67 29
68 29
69 29
70 29
71 29
72 29
73 29
74 29
75 29
76 191
77 29
78 29
79 29
80 29
81 29
82 29
83 29
84 29
85 29
86 29
87 29
88 29
89 29
90 29
95 29
97 29
98 29
99 29
100 29
101 29
102 29
103 29
104 29
105 29
106 29
107 29
108 29
109 29
110 29
111 29
112 29
113 29
114 29
115 29
116 29
117 29
118 29
119 29
120 29
121 29
122 29
48 29
49 29
50 29
51 29
52 29
53 29
54 29
55 29
56 29
57 29
65 29
66 29
67 29
68 29
69 29
70 29
71 29
72 29
73 29
74 29
75 29
76 29
77 29
78 29
79 29
80 29
81 29
82 29
83 29
84 29
85 29
86 29
87 29
88 29
89 29
90 29
95 29
97 192
98 29
99 29
100 29
101 29
102 29
103 29
104 29
105 29
106 29
107 29
108 29
109 29
110 29
111 29
112 29
113 29
114 29
115 29
116 29
117 29
118 29
119 29
120 29
121 29
122 29
48 29
49 29
50 29
51 29
52 29
53 29
54 29
55 29
56 29
57 29
65 29
66 29
67 29
68 29
69 29
70 29
71 29
72 29
73 29
74 29
75 29
76 29
77 29
78 29
79 29
80 29
81 29
82 29
83 29
84 29
85 29
86 29
87 29
88 29
89 29
90 29
95 29
97 29
98 29
99 29
100 29
101 29
102 29
103 29
104 29
105 29
106 29
107 29
108 176
109 29
110 29
111 29
112 29
113 29
114 29
115 29
116 29
117 29
118 29
119 29
120 29
121 29
122 29
48 29
49 29
50 29
51 29
52 29
53 29
54 29
55 29
56 29
57 29
65 29
66 29
67 29
68 29
69 29
70 29
71 29
72 29
73 29
74 29
75 29
76 29
77 29
78 29
79 29
80 29
81 29
82 29
83 29
84 29
85 29
86 29
87 29
88 29
89 29
90 29
95 29
97 193
98 29
99 29
100 29
101 29
102 29
103 29
104 29
105 29
106 29
107 29
108 29
109 29
110 29
111 29
112 29
113 29
114 29
115 29
116 29
117 29
118 29
119 29
120 29
121 29
122 29
48 29
49 29
50 29
51 29
52 29
53 29
54 29
55 29
56 29
57 29
65 29
66 29
67 29
68 29
69 29
70 29
71 29
72 29
73 29
74 29
75 29
76 29
77 29
78 29
79 29
80 29
81 29
82 29
83 29
84 29
85 29
86 29
87 29
88 29
89 29
90 29
95 29
97 29
98 29
99 29
100 29
101 29
102 29
103 29
104 29
105 29
106 29
107 29
108 29
109 29
110 29
111 29
112 29
113 29
114 178
115 29
116 29
117 29
118 29
119 29
120 29
121 29
122 29
48 29
49 29
50 29
51 29
52 29
53 29
54 29
55 29
56 29
57 29
65 29
66 29
67 29
68 29
69 29
70 29
71 29
72 29
73 29
74 29
75 29
76 29
77 29
78 29
79 29
80 29
81 29
82 29
83 29
84 29
85 29
86 29
87 29
88 29
89 29
90 29
95 29
97 29
98 29
99 29
100 29
101 29
102 29
103 29
104 29
105 29
106 29
107 29
108 29
109 29
110 29
111 29
112 29
113 29
114 29
115 194
116 29
117 29
118 29
119 29
120 29
121 29
122 29
48 29
49 29
50 29
51 29
52 29
53 29
54 29
55 29
56 29
57 29
65 29
66 29
67 29
68 29
69 29
70 29
71 29
72 29
73 29
74 29
75 29
76 29
77 29
78 29
79 29
80 29
81 29
82 29
83 29
84 29
85 29
86 29
87 29
88 29
89 29
90 29
95 29
97 29
98 29
99 29
100 29
101 180
102 29
103 29
104 29
105 29
106 29
107 29
108 29
109 29
110 29
111 29
112 29
113 29
114 29
115 29
116 29
117 29
118 29
119 29
120 29
121 29
122 29
48 29
49 29
50 29
51 29
52 29
53 29
54 29
55 29
56 29
57 29
65 29
66 29
67 29
68 29
69 29
70 29
71 29
72 29
73 29
74 29
75 29
76 29
77 29
78 29
79 29
80 29
81 29
82 29
83 29
84 29
85 29
86 29
87 29
88 29
89 29
90 29
95 29
97 29
98 29
99 29
100 29
101 29
102 29
103 29
104 29
105 29
106 29
107 29
108 29
109 29
110 29
111 29
112 29
113 29
114 29
115 195
116 29
117 29
118 29
119 29
120 29
121 29
122 29
48 29
49 29
50 29
51 29
52 29
53 29
54 29
55 29
56 29
57 29
65 29
66 29
67 29
68 29
69 29
70 29
71 29
72 29
73 29
74 29
75 29
76 29
77 29
78 29
79 29
80 29
81 29
82 29
83 29
84 29
85 29
86 29
87 29
88 29
89 29
90 29
95 29
97 196
98 29
99 29
100 29
101 29
102 29
103 29
104 29
105 29
106 29
107 29
108 29
109 29
110 29
111 29
112 29
113 29
114 29
115 29
116 29
117 29
118 29
119 29
120 29
121 29
122 29
48 29
49 29
50 29
51 29
52 29
53 29
54 29
55 29
56 29
57 29
65 29
66 29
67 29
68 29
69 29
70 29
71 29
72 29
73 29
74 29
75 29
76 29
77 29
78 29
79 29
80 29
81 29
82 29
83 29
84 29
85 29
86 29
87 29
88 29
89 29
90 29
95 29
97 29
98 29
99 29
100 29
101 29
102 29
103 29
104 29
105 29
106 29
107 29
108 29
109 29
110 183
111 29
112 29
113 29
114 29
115 29
116 29
117 29
118 29
119 29
120 29
121 29
122 29
48 29
49 29
50 29
51 29
52 29
53 29
54 29
55 29
56 29
57 29
65 29
66 29
67 29
68 29
69 29
70 29
71 29
72 29
73 29
74 29
75 29
76 29
77 29
78 29
79 29
80 29
81 29
82 29
83 29
84 29
85 29
86 29
87 29
88 29
89 29
90 29
95 29
97 29
98 29
99 29
100 29
101 29
102 29
103 29
104 29
105 29
106 29
107 29
108 29
109 29
110 29
111 29
112 29
113 29
114 29
115 29
116 29
117 29
118 29
119 29
120 29
121 29
122 29
48 29
49 29
50 29
51 29
52 29
53 29
54 29
55 29
56 29
57 29
65 29
66 29
67 29
68 29
69 29
70 29
71 29
72 29
73 29
74 29
75 29
76 29
77 29
78 29
79 29
80 29
81 29
82 29
83 29
84 29
85 29
86 29
87 29
88 29
89 29
90 29
95 29
97 29
98 29
99 29
100 29
101 29
102 29
103 29
104 29
105 29
106 29
107 29
108 29
109 29
110 197
111 29
112 29
113 29
114 29
115 29
116 29
117 29
118 29
119 29
120 29
121 29
122 29
48 29
49 29
50 29
51 29
52 29
53 29
54 29
55 29
56 29
57 29
65 29
66 29
67 29
68 29
69 29
70 29
71 29
72 29
73 29
74 29
75 29
76 29
77 29
78 29
79 29
80 29
81 29
82 29
83 29
84 29
85 29
86 29
87 29
88 29
89 29
90 29
95 29
97 29
98 29
99 29
100 29
101 29
102 29
103 29
104 29
105 29
106 29
107 29
108 29
109 29
110 29
111 29
112 29
113 29
114 29
115 29
116 29
117 198
118 29
119 29
120 29
121 29
122 29
48 29
49 29
50 29
51 29
52 29
53 29
54 29
55 29
56 29
57 29
65 29
66 29
67 29
68 29
69 29
70 29
71 29
72 29
73 29
74 29
75 29
76 29
77 29
78 29
79 29
80 29
81 29
82 29
83 29
84 29
85 29
86 29
87 29
88 29
89 29
90 29
95 29
97 29
98 29
99 29
100 29
101 29
102 29
103 29
104 29
105 29
106 29
107 29
108 29
109 29
110 199
111 29
112 29
113 29
114 29
115 29
116 29
117 29
118 29
119 29
120 29
121 29
122 29
48 29
49 29
50 29
51 29
52 29
53 29
54 29
55 29
56 29
57 29
65 29
66 29
67 29
68 29
69 29
70 29
71 29
72 29
73 29
74 29
75 29
76 29
77 29
78 29
79 29
80 29
81 29
82 29
83 29
84 29
85 29
86 29
87 29
88 29
89 29
90 29
95 29
97 29
98 29
99 29
100 29
101 29
102 29
103 29
104 29
105 200
106 29
107 29
108 29
109 29
110 29
111 29
112 29
113 29
114 29
115 29
116 29
117 29
118 29
119 29
120 29
121 29
122 29
48 29
49 29
50 29
51 29
52 29
53 29
54 29
55 29
56 29
57 29
65 29
66 29
67 29
68 29
69 29
70 29
71 29
72 29
73 29
74 29
75 29
76 29
77 29
78 29
79 29
80 29
81 29
82 29
83 29
84 29
85 29
86 29
87 29
88 29
89 29
90 29
95 29
97 29
98 29
99 29
100 29
101 29
102 29
103 29
104 29
105 29
106 29
107 29
108 29
109 29
110 188
111 29
112 29
113 29
114 29
115 29
116 29
117 29
118 29
119 29
120 29
121 29
122 29
48 29
49 29
50 29
51 29
52 29
53 29
54 29
55 29
56 29
57 29
65 29
66 29
67 29
68 29
69 29
70 29
71 29
72 29
73 29
74 29
75 29
76 29
77 29
78 29
79 29
80 29
81 29
82 29
83 29
84 29
85 29
86 29
87 29
88 29
89 29
90 29
95 29
97 29
98 29
99 29
100 29
101 189
102 29
103 29
104 29
105 29
106 29
107 29
108 29
109 29
110 29
111 29
112 29
113 29
114 29
115 29
116 29
117 29
118 29
119 29
120 29
121 29
122 29
48 29
49 29
50 29
51 29
52 29
53 29
54 29
55 29
56 29
57 29
65 29
66 29
67 29
68 29
69 29
70 29
71 29
72 29
73 29
74 29
75 29
76 29
77 29
78 29
79 29
80 29
81 29
82 29
83 29
84 29
85 29
86 29
87 29
88 29
89 29
90 29
95 29
97 29
98 29
99 29
100 190
101 29
102 29
103 29
104 29
105 29
106 29
107 29
108 29
109 29
110 29
111 29
112 29
113 29
114 29
115 29
116 29
117 29
118 29
119 29
120 29
121 29
122 29
48 29
49 29
50 29
51 29
52 29
53 29
54 29
55 29
56 29
57 29
65 29
66 29
67 29
68 29
69 29
70 29
71 29
72 29
73 29
74 29
75 29
76 29
77 29
78 29
79 29
80 29
81 29
82 29
83 29
84 29
85 29
86 29
87 29
88 29
89 29
90 29
95 29
97 29
98 29
99 29
100 29
101 29
102 29
103 29
104 29
105 29
106 29
107 29
108 201
109 29
110 29
111 29
112 29
113 29
114 29
115 29
116 29
117 29
118 29
119 29
120 29
121 29
122 29
48 29
49 29
50 29
51 29
52 29
53 29
54 29
55 29
56 29
57 29
65 29
66 29
67 29
68 29
69 29
70 29
71 29
72 29
73 29
74 29
75 29
76 29
77 29
78 29
79 29
80 29
81 29
82 202
83 29
84 29
85 29
86 29
87 29
88 29
89 29
90 29
95 29
97 29
98 29
99 29
100 29
101 29
102 29
103 29
104 29
105 29
106 29
107 29
108 29
109 29
110 29
111 29
112 29
113 29
114 29
115 29
116 29
117 29
118 29
119 29
120 29
121 29
122 29
48 29
49 29
50 29
51 29
52 29
53 29
54 29
55 29
56 29
57 29
65 29
66 29
67 29
68 29
69 29
70 29
71 29
72 29
73 29
74 29
75 29
76 29
77 29
78 29
79 29
80 29
81 29
82 29
83 29
84 29
85 29
86 29
87 29
88 29
89 29
90 29
95 29
97 29
98 29
99 29
100 29
101 29
102 29
103 29
104 29
105 29
106 29
107 29
108 29
109 29
110 29
111 29
112 29
113 29
114 29
115 29
116 29
117 29
118 29
119 29
120 29
121 29
122 29
48 29
49 29
50 29
51 29
52 29
53 29
54 29
55 29
56 29
57 29
65 29
66 29
67 29
68 29
69 29
70 29
71 29
72 29
73 29
74 29
75 203
76 29
77 29
78 29
79 29
80 29
81 29
82 29
83 29
84 29
85 29
86 29
87 29
88 29
89 29
90 29
95 29
97 29
98 29
99 29
100 29
101 29
102 29
103 29
104 29
105 29
106 29
107 29
108 29
109 29
110 29
111 29
112 29
113 29
114 29
115 29
116 29
117 29
118 29
119 29
120 29
121 29
122 29
48 29
49 29
50 29
51 29
52 29
53 29
54 29
55 29
56 29
57 29
65 29
66 29
67 29
68 29
69 29
70 29
71 29
72 29
73 29
74 29
75 29
76 29
77 29
78 29
79 29
80 29
81 29
82 29
83 29
84 29
85 29
86 29
87 29
88 29
89 29
90 29
95 29
97 29
98 29
99 29
100 29
101 29
102 29
103 29
104 29
105 29
106 29
107 29
108 29
109 29
110 29
111 29
112 29
113 29
114 29
115 29
116 29
117 29
118 29
119 29
120 29
121 29
122 29
48 29
49 29
50 29
51 29
52 29
53 29
54 29
55 29
56 29
57 29
65 29
66 29
67 29
68 29
69 29
70 29
71 29
72 29
73 29
74 29
75 29
76 29
77 29
78 29
79 29
80 29
81 29
82 29
83 204
84 29
85 29
86 29
87 29
88 29
89 29
90 29
95 29
97 29
98 29
99 29
100 29
101 29
102 29
103 29
104 29
105 29
106 29
107 29
108 29
109 29
110 29
111 29
112 29
113 29
114 29
115 29
116 29
117 29
118 29
119 29
120 29
121 29
122 29
48 29
49 29
50 29
51 29
52 29
53 29
54 29
55 29
56 29
57 29
65 29
66 29
67 29
68 29
69 29
70 29
71 29
72 29
73 29
74 29
75 29
76 29
77 29
78 29
79 29
80 29
81 29
82 29
83 29
84 29
85 29
86 29
87 29
88 29
89 29
90 29
95 29
97 29
98 29
99 29
100 29
101 29
102 29
103 29
104 29
105 29
106 29
107 29
108 29
109 29
110 29
111 29
112 29
113 29
114 29
115 29
116 29
117 29
118 29
119 29
120 29
121 29
122 29
48 29
49 29
50 29
51 29
52 29
53 29
54 29
55 29
56 29
57 29
65 29
66 29
67 29
68 29
69 205
70 29
71 29
72 29
73 29
74 29
75 29
76 29
77 29
78 29
79 29
80 29
81 29
82 29
83 29
84 29
85 29
86 29
87 29
88 29
89 29
90 29
95 29
97 29
98 29
99 29
100 29
101 29
102 29
103 29
104 29
105 29
106 29
107 29
108 29
109 29
110 29
111 29
112 29
113 29
114 29
115 29
116 29
117 29
118 29
119 29
120 29
121 29
122 29
48 29
49 29
50 29
51 29
52 29
53 29
54 29
55 29
56 29
57 29
65 29
66 29
67 29
68 29
69 29
70 29
71 29
72 29
73 29
74 29
75 29
76 29
77 29
78 29
79 29
80 29
81 29
82 29
83 29
84 206
85 29
86 29
87 29
88 29
89 29
90 29
95 29
97 29
98 29
99 29
100 29
101 29
102 29
103 29
104 29
105 29
106 29
107 29
108 29
109 29
110 29
111 29
112 29
113 29
114 29
115 29
116 29
117 29
118 29
119 29
120 29
121 29
122 29
48 29
49 29
50 29
51 29
52 29
53 29
54 29
55 29
56 29
57 29
65 29
66 29
67 29
68 29
69 29
70 29
71 29
72 29
73 29
74 29
75 29
76 29
77 29
78 29
79 29
80 29
81 29
82 29
83 29
84 29
85 29
86 29
87 29
88 29
89 29
90 29
95 29
97 29
98 29
99 29
100 29
101 29
102 29
103 29
104 29
105 29
106 29
107 29
108 29
109 29
110 29
111 29
112 29
113 29
114 29
115 29
116 29
117 29
118 29
119 29
120 29
121 29
122 29
48 29
49 29
50 29
51 29
52 29
53 29
54 29
55 29
56 29
57 29
65 29
66 29
67 29
68 29
69 29
70 29
71 29
72 29
73 29
74 29
75 29
76 29
77 29
78 29
79 29
80 29
81 29
82 29
83 29
84 207
85 29
86 29
87 29
88 29
89 29
90 29
95 29
97 29
98 29
99 29
100 29
101 29
102 29
103 29
104 29
105 29
106 29
107 29
108 29
109 29
110 29
111 29
112 29
113 29
114 29
115 29
116 29
117 29
118 29
119 29
120 29
121 29
122 29
48 29
49 29
50 29
51 29
52 29
53 29
54 29
55 29
56 29
57 29
65 29
66 29
67 29
68 29
69 29
70 29
71 29
72 29
73 29
74 29
75 29
76 29
77 29
78 29
79 29
80 29
81 29
82 208
83 29
84 29
85 29
86 29
87 29
88 29
89 29
90 29
95 29
97 29
98 29
99 29
100 29
101 29
102 29
103 29
104 29
105 29
106 29
107 29
108 29
109 29
110 29
111 29
112 29
113 29
114 29
115 29
116 29
117 29
118 29
119 29
120 29
121 29
122 29
48 29
49 29
50 29
51 29
52 29
53 29
54 29
55 29
56 29
57 29
65 29
66 29
67 29
68 29
69 29
70 209
71 29
72 29
73 29
74 29
75 29
76 29
77 29
78 29
79 29
80 29
81 29
82 29
83 29
84 29
85 29
86 29
87 29
88 29
89 29
90 29
95 29
97 29
98 29
99 29
100 29
101 29
102 29
103 29
104 29
105 29
106 29
107 29
108 29
109 29
110 29
111 29
112 29
113 29
114 29
115 29
116 29
117 29
118 29
119 29
120 29
121 29
122 29
48 29
49 29
50 29
51 29
52 29
53 29
54 29
55 29
56 29
57 29
65 29
66 29
67 29
68 29
69 29
70 29
71 29
72 29
73 29
74 29
75 29
76 29
77 29
78 210
79 29
80 29
81 29
82 29
83 29
84 29
85 29
86 29
87 29
88 29
89 29
90 29
95 29
97 29
98 29
99 29
100 29
101 29
102 29
103 29
104 29
105 29
106 29
107 29
108 29
109 29
110 29
111 29
112 29
113 29
114 29
115 29
116 29
117 29
118 29
119 29
120 29
121 29
122 29
48 29
49 29
50 29
51 29
52 29
53 29
54 29
55 29
56 29
57 29
65 29
66 29
67 29
68 29
69 29
70 29
71 29
72 29
73 29
74 29
75 29
76 29
77 29
78 29
79 29
80 29
81 29
82 29
83 29
84 29
85 29
86 29
87 29
88 29
89 29
90 29
95 29
97 29
98 29
99 29
100 29
101 29
102 29
103 29
104 29
105 29
106 29
107 29
108 29
109 29
110 29
111 29
112 29
113 29
114 29
115 29
116 29
117 29
118 29
119 29
120 29
121 29
122 29
48 29
49 29
50 29
51 29
52 29
53 29
54 29
55 29
56 29
57 29
65 29
66 29
67 29
68 29
69 29
70 29
71 29
72 29
73 29
74 29
75 29
76 29
77 29
78 29
79 29
80 29
81 29
82 29
83 29
84 29
85 29
86 29
87 29
88 29
89 29
90 29
95 29
97 29
98 29
99 29
100 29
101 29
102 29
103 29
104 29
105 29
106 29
107 29
108 29
109 29
110 29
111 29
112 29
113 29
114 29
115 29
116 29
117 29
118 29
119 29
120 29
121 29
122 29
48 29
49 29
50 29
51 29
52 29
53 29
54 29
55 29
56 29
57 29
65 29
66 29
67 29
68 29
69 29
70 29
71 29
72 29
73 29
74 29
75 29
76 29
77 29
78 29
79 29
80 29
81 29
82 29
83 29
84 29
85 29
86 29
87 29
88 29
89 29
90 29
95 29
97 29
98 29
99 29
100 29
101 29
102 29
103 29
104 29
105 29
106 29
107 29
108 29
109 29
110 29
111 29
112 29
113 29
114 29
115 29
116 29
117 29
118 29
119 29
120 29
121 29
122 29
48 29
49 29
50 29
51 29
52 29
53 29
54 29
55 29
56 29
57 29
65 29
66 29
67 29
68 29
69 211
70 29
71 29
72 29
73 29
74 29
75 29
76 29
77 29
78 29
79 29
80 29
81 29
82 29
83 29
84 29
85 29
86 29
87 29
88 29
89 29
90 29
95 29
97 29
98 29
99 29
100 29
101 29
102 29
103 29
104 29
105 29
106 29
107 29
108 29
109 29
110 29
111 29
112 29
113 29
114 29
115 29
116 29
117 29
118 29
119 29
120 29
121 29
122 29
48 29
49 29
50 29
51 29
52 29
53 29
54 29
55 29
56 29
57 29
65 29
66 29
67 29
68 29
69 29
70 29
71 29
72 29
73 29
74 29
75 29
76 29
77 29
78 29
79 29
80 29
81 29
82 29
83 29
84 29
85 29
86 29
87 29
88 29
89 29
90 29
95 29
97 29
98 29
99 29
100 29
101 29
102 29
103 29
104 29
105 29
106 29
107 29
108 29
109 29
110 29
111 29
112 29
113 29
114 212
115 29
116 29
117 29
118 29
119 29
120 29
121 29
122 29
48 29
49 29
50 29
51 29
52 29
53 29
54 29
55 29
56 29
57 29
65 29
66 29
67 29
68 29
69 29
70 29
71 29
72 29
73 29
74 29
75 29
76 29
77 29
78 29
79 29
80 29
81 29
82 29
83 29
84 29
85 29
86 29
87 29
88 29
89 29
90 29
95 29
97 29
98 29
99 29
100 29
101 29
102 29
103 29
104 29
105 29
106 29
107 203
108 29
109 29
110 29
111 29
112 29
113 29
114 29
115 29
116 29
117 29
118 29
119 29
120 29
121 29
122 29
48 29
49 29
50 29
51 29
52 29
53 29
54 29
55 29
56 29
57 29
65 29
66 29
67 29
68 29
69 29
70 29
71 29
72 29
73 29
74 29
75 29
76 29
77 29
78 29
79 29
80 29
81 29
82 29
83 29
84 29
85 29
86 29
87 29
88 29
89 29
90 29
95 29
97 29
98 29
99 29
100 29
101 29
102 29
103 29
104 29
105 29
106 29
107 29
108 29
109 29
110 29
111 29
112 29
113 29
114 29
115 204
116 29
117 29
118 29
119 29
120 29
121 29
122 29
48 29
49 29
50 29
51 29
52 29
53 29
54 29
55 29
56 29
57 29
65 29
66 29
67 29
68 29
69 29
70 29
71 29
72 29
73 29
74 29
75 29
76 29
77 29
78 29
79 29
80 29
81 29
82 29
83 29
84 29
85 29
86 29
87 29
88 29
89 29
90 29
95 29
97 29
98 29
99 29
100 29
101 205
102 29
103 29
104 29
105 29
106 29
107 29
108 29
109 29
110 29
111 29
112 29
113 29
114 29
115 29
116 29
117 29
118 29
119 29
120 29
121 29
122 29
48 29
49 29
50 29
51 29
52 29
53 29
54 29
55 29
56 29
57 29
65 29
66 29
67 29
68 29
69 29
70 29
71 29
72 29
73 29
74 29
75 29
76 29
77 29
78 29
79 29
80 29
81 29
82 29
83 29
84 29
85 29
86 29
87 29
88 29
89 29
90 29
95 29
97 29
98 29
99 29
100 29
101 29
102 29
103 29
104 29
105 29
106 29
107 29
108 29
109 29
110 29
111 29
112 29
113 29
114 29
115 29
116 206
117 29
118 29
119 29
120 29
121 29
122 29
48 29
49 29
50 29
51 29
52 29
53 29
54 29
55 29
56 29
57 29
65 29
66 29
67 29
68 29
69 29
70 29
71 29
72 29
73 29
74 29
75 29
76 29
77 29
78 29
79 29
80 29
81 29
82 29
83 29
84 29
85 29
86 29
87 29
88 29
89 29
90 29
95 29
97 29
98 29
99 29
100 29
101 29
102 29
103 29
104 29
105 29
106 29
107 29
108 29
109 29
110 29
111 29
112 29
113 29
114 29
115 29
116 213
117 29
118 29
119 29
120 29
121 29
122 29
48 29
49 29
50 29
51 29
52 29
53 29
54 29
55 29
56 29
57 29
65 29
66 29
67 29
68 29
69 29
70 29
71 29
72 29
73 29
74 29
75 29
76 29
77 29
78 29
79 29
80 29
81 29
82 29
83 29
84 29
85 29
86 29
87 29
88 29
89 29
90 29
95 29
97 29
98 29
99 29
100 29
101 29
102 29
103 29
104 29
105 29
106 29
107 29
108 29
109 29
110 29
111 29
112 29
113 29
114 214
115 29
116 29
117 29
118 29
119 29
120 29
121 29
122 29
48 29
49 29
50 29
51 29
52 29
53 29
54 29
55 29
56 29
57 29
65 29
66 29
67 29
68 29
69 29
70 29
71 29
72 29
73 29
74 29
75 29
76 29
77 29
78 29
79 29
80 29
81 29
82 29
83 29
84 29
85 29
86 29
87 29
88 29
89 29
90 29
95 29
97 29
98 29
99 29
100 29
101 29
102 209
103 29
104 29
105 29
106 29
107 29
108 29
109 29
110 29
111 29
112 29
113 29
114 29
115 29
116 29
117 29
118 29
119 29
120 29
121 29
122 29
48 29
49 29
50 29
51 29
52 29
53 29
54 29
55 29
56 29
57 29
65 29
66 29
67 29
68 29
69 29
70 29
71 29
72 29
73 29
74 29
75 29
76 29
77 29
78 29
79 29
80 29
81 29
82 29
83 29
84 29
85 29
86 29
87 29
88 29
89 29
90 29
95 29
97 29
98 29
99 29
100 29
101 29
102 29
103 29
104 29
105 29
106 29
107 29
108 29
109 29
110 215
111 29
112 29
113 29
114 29
115 29
116 29
117 29
118 29
119 29
120 29
121 29
122 29
48 29
49 29
50 29
51 29
52 29
53 29
54 29
55 29
56 29
57 29
65 29
66 29
67 29
68 29
69 29
70 29
71 29
72 29
73 29
74 29
75 29
76 29
77 29
78 29
79 29
80 29
81 29
82 29
83 29
84 29
85 29
86 29
87 29
88 29
89 29
90 29
95 29
97 29
98 29
99 29
100 29
101 211
102 29
103 29
104 29
105 29
106 29
107 29
108 29
109 29
110 29
111 29
112 29
113 29
114 29
115 29
116 29
117 29
118 29
119 29
120 29
121 29
122 29
48 29
49 29
50 29
51 29
52 29
53 29
54 29
55 29
56 29
57 29
65 29
66 29
67 29
68 29
69 29
70 29
71 29
72 29
73 29
74 29
75 29
76 29
77 29
78 29
79 29
80 29
81 29
82 29
83 29
84 29
85 29
86 29
87 29
88 29
89 216
90 29
95 29
97 29
98 29
99 29
100 29
101 29
102 29
103 29
104 29
105 29
106 29
107 29
108 29
109 29
110 29
111 29
112 29
113 29
114 29
115 29
116 29
117 29
118 29
119 29
120 29
121 29
122 29
48 29
49 29
50 29
51 29
52 29
53 29
54 29
55 29
56 29
57 29
65 29
66 29
67 29
68 29
69 29
70 29
71 29
72 29
73 29
74 29
75 29
76 29
77 29
78 29
79 29
80 29
81 29
82 29
83 29
84 29
85 29
86 29
87 29
88 29
89 29
90 29
95 29
97 29
98 29
99 29
100 29
101 29
102 29
103 29
104 29
105 29
106 29
107 29
108 29
109 29
110 29
111 29
112 29
113 29
114 29
115 29
116 29
117 29
118 29
119 29
120 29
121 29
122 29
48 29
49 29
50 29
51 29
52 29
53 29
54 29
55 29
56 29
57 29
65 29
66 29
67 29
68 29
69 29
70 29
71 29
72 29
73 29
74 29
75 29
76 29
77 29
78 29
79 29
80 29
81 29
82 29
83 29
84 29
85 29
86 29
87 29
88 29
89 29
90 29
95 29
97 29
98 29
99 29
100 29
101 29
102 29
103 29
104 29
105 29
106 29
107 29
108 29
109 29
110 29
111 29
112 29
113 29
114 29
115 29
116 29
117 29
118 29
119 29
120 29
121 29
122 29
48 29
49 29
50 29
51 29
52 29
53 29
54 29
55 29
56 29
57 29
65 29
66 29
67 29
68 29
69 29
70 29
71 29
72 29
73 29
74 29
75 29
76 29
77 29
78 29
79 29
80 29
81 29
82 29
83 29
84 29
85 29
86 29
87 29
88 29
89 29
90 29
95 29
97 29
98 29
99 29
100 29
101 29
102 29
103 29
104 29
105 29
106 29
107 29
108 29
109 29
110 29
111 29
112 29
113 29
114 29
115 29
116 29
117 29
118 29
119 29
120 29
121 29
122 29
48 29
49 29
50 29
51 29
52 29
53 29
54 29
55 29
56 29
57 29
65 29
66 29
67 29
68 29
69 29
70 29
71 29
72 29
73 29
74 29
75 29
76 29
77 29
78 29
79 29
80 29
81 29
82 29
83 29
84 29
85 29
86 29
87 29
88 29
89 29
90 29
95 29
97 29
98 29
99 29
100 29
101 29
102 29
103 29
104 29
105 29
106 29
107 29
108 29
109 29
110 29
111 29
112 29
113 29
114 29
115 29
116 29
117 29
118 29
119 29
120 29
121 29
122 29
48 29
49 29
50 29
51 29
52 29
53 29
54 29
55 29
56 29
57 29
65 29
66 29
67 29
68 29
69 29
70 217
71 29
72 29
73 29
74 29
75 29
76 29
77 29
78 29
79 29
80 29
81 29
82 29
83 29
84 29
85 29
86 29
87 29
88 29
89 29
90 29
95 29
97 29
98 29
99 29
100 29
101 29
102 29
103 29
104 29
105 29
106 29
107 29
108 29
109 29
110 29
111 29
112 29
113 29
114 29
115 29
116 29
117 29
118 29
119 29
120 29
121 29
122 29
48 29
49 29
50 29
51 29
52 29
53 29
54 29
55 29
56 29
57 29
65 29
66 29
67 29
68 29
69 29
70 29
71 29
72 29
73 29
74 29
75 29
76 29
77 29
78 218
79 29
80 29
81 29
82 29
83 29
84 29
85 29
86 29
87 29
88 29
89 29
90 29
95 29
97 29
98 29
99 29
100 29
101 29
102 29
103 29
104 29
105 29
106 29
107 29
108 29
109 29
110 29
111 29
112 29
113 29
114 29
115 29
116 29
117 29
118 29
119 29
120 29
121 29
122 29
48 29
49 29
50 29
51 29
52 29
53 29
54 29
55 29
56 29
57 29
65 29
66 29
67 29
68 29
69 29
70 29
71 29
72 29
73 29
74 29
75 29
76 29
77 29
78 29
79 29
80 29
81 29
82 29
83 29
84 29
85 29
86 29
87 29
88 29
89 29
90 29
95 29
97 29
98 29
99 29
100 29
101 29
102 29
103 29
104 29
105 29
106 29
107 29
108 29
109 29
110 29
111 29
112 29
113 29
114 29
115 29
116 29
117 29
118 29
119 29
120 29
121 29
122 29
48 29
49 29
50 29
51 29
52 29
53 29
54 29
55 29
56 29
57 29
65 29
66 29
67 29
68 29
69 29
70 29
71 219
72 29
73 29
74 29
75 29
76 29
77 29
78 29
79 29
80 29
81 29
82 29
83 29
84 29
85 29
86 29
87 29
88 29
89 29
90 29
95 29
97 29
98 29
99 29
100 29
101 29
102 29
103 29
104 29
105 29
106 29
107 29
108 29
109 29
110 29
111 29
112 29
113 29
114 29
115 29
116 29
117 29
118 29
119 29
120 29
121 29
122 29
48 29
49 29
50 29
51 29
52 29
53 29
54 29
55 29
56 29
57 29
65 29
66 29
67 29
68 29
69 29
70 29
71 29
72 29
73 29
74 29
75 29
76 29
77 29
78 29
79 29
80 29
81 29
82 29
83 29
84 29
85 29
86 29
87 29
88 29
89 29
90 29
95 29
97 29
98 29
99 29
100 29
101 29
102 29
103 29
104 29
105 29
106 29
107 29
108 29
109 29
110 29
111 29
112 29
113 29
114 29
115 29
116 29
117 29
118 29
119 29
120 29
121 29
122 29
48 29
49 29
50 29
51 29
52 29
53 29
54 29
55 29
56 29
57 29
65 29
66 29
67 29
68 29
69 29
70 29
71 29
72 29
73 29
74 29
75 29
76 29
77 29
78 29
79 29
80 29
81 29
82 29
83 29
84 29
85 29
86 29
87 29
88 29
89 29
90 29
95 29
97 29
98 29
99 29
100 29
101 29
102 29
103 29
104 29
105 29
106 29
107 29
108 29
109 29
110 29
111 29
112 29
113 29
114 29
115 29
116 29
117 29
118 29
119 29
120 29
121 216
122 29
48 29
49 29
50 29
51 29
52 29
53 29
54 29
55 29
56 29
57 29
65 29
66 29
67 29
68 29
69 29
70 29
71 29
72 29
73 29
74 29
75 29
76 29
77 29
78 29
79 29
80 29
81 29
82 29
83 29
84 29
85 29
86 29
87 29
88 29
89 29
90 29
95 29
97 29
98 29
99 29
100 29
101 29
102 217
103 29
104 29
105 29
106 29
107 29
108 29
109 29
110 29
111 29
112 29
113 29
114 29
115 29
116 29
117 29
118 29
119 29
120 29
121 29
122 29
48 29
49 29
50 29
51 29
52 29
53 29
54 29
55 29
56 29
57 29
65 29
66 29
67 29
68 29
69 29
70 29
71 29
72 29
73 29
74 29
75 29
76 29
77 29
78 29
79 29
80 29
81 29
82 29
83 29
84 29
85 29
86 29
87 29
88 29
89 29
90 29
95 29
97 29
98 29
99 29
100 29
101 29
102 29
103 29
104 29
105 29
106 29
107 29
108 29
109 29
110 218
111 29
112 29
113 29
114 29
115 29
116 29
117 29
118 29
119 29
120 29
121 29
122 29
48 29
49 29
50 29
51 29
52 29
53 29
54 29
55 29
56 29
57 29
65 29
66 29
67 29
68 29
69 29
70 29
71 29
72 29
73 29
74 29
75 29
76 29
77 29
78 29
79 29
80 29
81 29
82 29
83 29
84 29
85 29
86 29
87 29
88 29
89 29
90 29
95 29
97 29
98 29
99 29
100 29
101 29
102 29
103 219
104 29
105 29
106 29
107 29
108 29
109 29
110 29
111 29
112 29
113 29
114 29
115 29
116 29
117 29
118 29
119 29
120 29
121 29
122 29
48 29
49 29
50 29
51 29
52 29
53 29
54 29
55 29
56 29
57 29
65 29
66 29
67 29
68 29
69 29
70 29
71 29
72 29
73 29
74 29
75 29
76 29
77 29
78 29
79 29
80 29
81 29
82 29
83 29
84 29
85 29
86 29
87 29
88 29
89 29
90 29
95 29
97 29
98 29
99 29
100 29
101 29
102 29
103 29
104 29
105 29
106 29
107 29
108 29
109 29
110 29
111 29
112 29
113 29
114 29
115 29
116 29
117 29
118 29
119 29
120 29
121 29
122 29
48 29
49 29
50 29
51 29
52 29
53 29
54 29
55 29
56 29
57 29
65 29
66 29
67 29
68 29
69 29
70 29
71 29
72 29
73 29
74 29
75 29
76 29
77 29
78 29
79 29
80 29
81 29
82 29
83 29
84 29
85 29
86 29
87 29
88 29
89 29
90 29
95 29
97 29
98 29
99 29
100 29
101 29
102 29
103 29
104 29
105 29
106 29
107 29
108 29
109 29
110 29
111 29
112 29
113 29
114 29
115 29
116 29
117 29
118 29
119 29
120 29
121 29
122 29
48 29
49 29
50 29
51 29
52 29
53 29
54 29
55 29
56 29
57 29
65 29
66 29
67 29
68 29
69 29
70 29
71 29
72 29
73 29
74 29
75 29
76 29
77 29
78 29
79 29
80 29
81 29
82 29
83 29
84 29
85 29
86 29
87 29
88 29
89 29
90 29
95 29
97 29
98 29
99 29
100 29
101 29
102 29
103 29
104 29
105 29
106 29
107 29
108 29
109 29
110 29
111 29
112 29
113 29
114 29
115 29
116 29
117 29
118 29
119 29
120 29
121 29
122 29
48 29
49 29
50 29
51 29
52 29
53 29
54 29
55 29
56 29
57 29
65 29
66 29
67 29
68 29
69 29
70 29
71 29
72 29
73 29
74 29
75 29
76 29
77 29
78 29
79 29
80 29
81 29
82 29
83 29
84 29
85 29
86 29
87 29
88 29
89 29
90 29
95 29
97 29
98 29
99 29
100 29
101 29
102 29
103 29
104 29
105 29
106 29
107 29
108 29
109 29
110 29
111 29
112 29
113 29
114 29
115 29
116 29
117 29
118 29
119 29
120 29
121 29
122 29